collision_system: Pb+Pb
collision_energy: 5.02TeV
particle_type: Bottom
centrality: 30-40%
xB = 0.4
average_path-lengths: 5.200829, 4.722707, 5.573215
average_temperatures: 0.215532, 0.213914, 0.218500
number_of_angles:      50
number_of_grid_points: 40, 40
--------------------------------------------------------
    pT [GeV]       phi          R_AA   
  5.0000000000 0.0000000000 0.8403483466
  5.0000000000 0.1282282716 0.8395281667
  5.0000000000 0.2564565432 0.8370720491
  5.0000000000 0.3846848147 0.8333658423
  5.0000000000 0.5129130863 0.8282973358
  5.0000000000 0.6411413579 0.8229446636
  5.0000000000 0.7693696295 0.8171138822
  5.0000000000 0.8975979010 0.8116284989
  5.0000000000 1.0258261726 0.8071803634
  5.0000000000 1.1540544442 0.8039807613
  5.0000000000 1.2822827158 0.8015722267
  5.0000000000 1.4105109873 0.8002203622
  5.0000000000 1.5387392589 0.7997751360
  5.0000000000 1.6669675305 0.7999848766
  5.0000000000 1.7951958021 0.8009449737
  5.0000000000 1.9234240736 0.8024441634
  5.0000000000 2.0516523452 0.8052825968
  5.0000000000 2.1798806168 0.8092689484
  5.0000000000 2.3081088884 0.8141877176
  5.0000000000 2.4363371599 0.8198845651
  5.0000000000 2.5645654315 0.8255754994
  5.0000000000 2.6927937031 0.8311771779
  5.0000000000 2.8210219747 0.8354434424
  5.0000000000 2.9492502462 0.8385522913
  5.0000000000 3.0774785178 0.8401003143
  5.0000000000 3.2057067894 0.8401003143
  5.0000000000 3.3339350610 0.8385522913
  5.0000000000 3.4621633325 0.8354434424
  5.0000000000 3.5903916041 0.8311771779
  5.0000000000 3.7186198757 0.8255754994
  5.0000000000 3.8468481473 0.8198845651
  5.0000000000 3.9750764188 0.8141877176
  5.0000000000 4.1033046904 0.8092689484
  5.0000000000 4.2315329620 0.8052825968
  5.0000000000 4.3597612336 0.8024441634
  5.0000000000 4.4879895051 0.8009449737
  5.0000000000 4.6162177767 0.7999848766
  5.0000000000 4.7444460483 0.7997751360
  5.0000000000 4.8726743199 0.8002203622
  5.0000000000 5.0009025914 0.8015722267
  5.0000000000 5.1291308630 0.8039807613
  5.0000000000 5.2573591346 0.8071803634
  5.0000000000 5.3855874062 0.8116284989
  5.0000000000 5.5138156777 0.8171138822
  5.0000000000 5.6420439493 0.8229446636
  5.0000000000 5.7702722209 0.8282973358
  5.0000000000 5.8985004925 0.8333658423
  5.0000000000 6.0267287640 0.8370720491
  5.0000000000 6.1549570356 0.8395281667
  5.0000000000 6.2831853072 0.8403483466
  8.1724137931 0.0000000000 0.7087644158
  8.1724137931 0.1282282716 0.7075425237
  8.1724137931 0.2564565432 0.7039094954
  8.1724137931 0.3846848147 0.6983516988
  8.1724137931 0.5129130863 0.6907697340
  8.1724137931 0.6411413579 0.6827190721
  8.1724137931 0.7693696295 0.6738942952
  8.1724137931 0.8975979010 0.6655968125
  8.1724137931 1.0258261726 0.6587109737
  8.1724137931 1.1540544442 0.6535863336
  8.1724137931 1.2822827158 0.6497053020
  8.1724137931 1.4105109873 0.6474665461
  8.1724137931 1.5387392589 0.6466532615
  8.1724137931 1.6669675305 0.6469981921
  8.1724137931 1.7951958021 0.6485769354
  8.1724137931 1.9234240736 0.6512009742
  8.1724137931 2.0516523452 0.6557174538
  8.1724137931 2.1798806168 0.6619453458
  8.1724137931 2.3081088884 0.6695179054
  8.1724137931 2.4363371599 0.6781248479
  8.1724137931 2.5645654315 0.6866981947
  8.1724137931 2.6927937031 0.6950536827
  8.1724137931 2.8210219747 0.7014806384
  8.1724137931 2.9492502462 0.7060740085
  8.1724137931 3.0774785178 0.7084315309
  8.1724137931 3.2057067894 0.7084315309
  8.1724137931 3.3339350610 0.7060740085
  8.1724137931 3.4621633325 0.7014806384
  8.1724137931 3.5903916041 0.6950536827
  8.1724137931 3.7186198757 0.6866981947
  8.1724137931 3.8468481473 0.6781248479
  8.1724137931 3.9750764188 0.6695179054
  8.1724137931 4.1033046904 0.6619453458
  8.1724137931 4.2315329620 0.6557174538
  8.1724137931 4.3597612336 0.6512009742
  8.1724137931 4.4879895051 0.6485769354
  8.1724137931 4.6162177767 0.6469981921
  8.1724137931 4.7444460483 0.6466532615
  8.1724137931 4.8726743199 0.6474665461
  8.1724137931 5.0009025914 0.6497053020
  8.1724137931 5.1291308630 0.6535863336
  8.1724137931 5.2573591346 0.6587109737
  8.1724137931 5.3855874062 0.6655968125
  8.1724137931 5.5138156777 0.6738942952
  8.1724137931 5.6420439493 0.6827190721
  8.1724137931 5.7702722209 0.6907697340
  8.1724137931 5.8985004925 0.6983516988
  8.1724137931 6.0267287640 0.7039094954
  8.1724137931 6.1549570356 0.7075425237
  8.1724137931 6.2831853072 0.7087644158
 11.3448275862 0.0000000000 0.6514817188
 11.3448275862 0.1282282716 0.6501509641
 11.3448275862 0.2564565432 0.6462503513
 11.3448275862 0.3846848147 0.6402304093
 11.3448275862 0.5129130863 0.6320500511
 11.3448275862 0.6411413579 0.6233596915
 11.3448275862 0.7693696295 0.6138003820
 11.3448275862 0.8975979010 0.6048513084
 11.3448275862 1.0258261726 0.5973821513
 11.3448275862 1.1540544442 0.5917805104
 11.3448275862 1.2822827158 0.5875358558
 11.3448275862 1.4105109873 0.5850845414
 11.3448275862 1.5387392589 0.5841661935
 11.3448275862 1.6669675305 0.5845473133
 11.3448275862 1.7951958021 0.5862611368
 11.3448275862 1.9234240736 0.5891877404
 11.3448275862 2.0516523452 0.5940971462
 11.3448275862 2.1798806168 0.6008965422
 11.3448275862 2.3081088884 0.6090985652
 11.3448275862 2.4363371599 0.6184142449
 11.3448275862 2.5645654315 0.6276700420
 11.3448275862 2.6927937031 0.6366678614
 11.3448275862 2.8210219747 0.6436409040
 11.3448275862 2.9492502462 0.6485848245
 11.3448275862 3.0774785178 0.6511310808
 11.3448275862 3.2057067894 0.6511310808
 11.3448275862 3.3339350610 0.6485848245
 11.3448275862 3.4621633325 0.6436409040
 11.3448275862 3.5903916041 0.6366678614
 11.3448275862 3.7186198757 0.6276700420
 11.3448275862 3.8468481473 0.6184142449
 11.3448275862 3.9750764188 0.6090985652
 11.3448275862 4.1033046904 0.6008965422
 11.3448275862 4.2315329620 0.5940971462
 11.3448275862 4.3597612336 0.5891877404
 11.3448275862 4.4879895051 0.5862611368
 11.3448275862 4.6162177767 0.5845473133
 11.3448275862 4.7444460483 0.5841661935
 11.3448275862 4.8726743199 0.5850845414
 11.3448275862 5.0009025914 0.5875358558
 11.3448275862 5.1291308630 0.5917805104
 11.3448275862 5.2573591346 0.5973821513
 11.3448275862 5.3855874062 0.6048513084
 11.3448275862 5.5138156777 0.6138003820
 11.3448275862 5.6420439493 0.6233596915
 11.3448275862 5.7702722209 0.6320500511
 11.3448275862 5.8985004925 0.6402304093
 11.3448275862 6.0267287640 0.6462503513
 11.3448275862 6.1549570356 0.6501509641
 11.3448275862 6.2831853072 0.6514817188
 14.5172413793 0.0000000000 0.6198814559
 14.5172413793 0.1282282716 0.6185249738
 14.5172413793 0.2564565432 0.6145261295
 14.5172413793 0.3846848147 0.6083367680
 14.5172413793 0.5129130863 0.5999667661
 14.5172413793 0.6411413579 0.5910873878
 14.5172413793 0.7693696295 0.5812718719
 14.5172413793 0.8975979010 0.5721350021
 14.5172413793 1.0258261726 0.5644725519
 14.5172413793 1.1540544442 0.5586821337
 14.5172413793 1.2822827158 0.5542929111
 14.5172413793 1.4105109873 0.5517606101
 14.5172413793 1.5387392589 0.5507983500
 14.5172413793 1.6669675305 0.5511904031
 14.5172413793 1.7951958021 0.5529529375
 14.5172413793 1.9234240736 0.5560092173
 14.5172413793 2.0516523452 0.5610698158
 14.5172413793 2.1798806168 0.5680724697
 14.5172413793 2.3081088884 0.5764946346
 14.5172413793 2.4363371599 0.5860255045
 14.5172413793 2.5645654315 0.5954932156
 14.5172413793 2.6927937031 0.6046967230
 14.5172413793 2.8210219747 0.6118517817
 14.5172413793 2.9492502462 0.6169161850
 14.5172413793 3.0774785178 0.6195328878
 14.5172413793 3.2057067894 0.6195328878
 14.5172413793 3.3339350610 0.6169161850
 14.5172413793 3.4621633325 0.6118517817
 14.5172413793 3.5903916041 0.6046967230
 14.5172413793 3.7186198757 0.5954932156
 14.5172413793 3.8468481473 0.5860255045
 14.5172413793 3.9750764188 0.5764946346
 14.5172413793 4.1033046904 0.5680724697
 14.5172413793 4.2315329620 0.5610698158
 14.5172413793 4.3597612336 0.5560092173
 14.5172413793 4.4879895051 0.5529529375
 14.5172413793 4.6162177767 0.5511904031
 14.5172413793 4.7444460483 0.5507983500
 14.5172413793 4.8726743199 0.5517606101
 14.5172413793 5.0009025914 0.5542929111
 14.5172413793 5.1291308630 0.5586821337
 14.5172413793 5.2573591346 0.5644725519
 14.5172413793 5.3855874062 0.5721350021
 14.5172413793 5.5138156777 0.5812718719
 14.5172413793 5.6420439493 0.5910873878
 14.5172413793 5.7702722209 0.5999667661
 14.5172413793 5.8985004925 0.6083367680
 14.5172413793 6.0267287640 0.6145261295
 14.5172413793 6.1549570356 0.6185249738
 14.5172413793 6.2831853072 0.6198814559
 17.6896551724 0.0000000000 0.6050201057
 17.6896551724 0.1282282716 0.6036391494
 17.6896551724 0.2564565432 0.5995664170
 17.6896551724 0.3846848147 0.5932636058
 17.6896551724 0.5129130863 0.5847647218
 17.6896551724 0.6411413579 0.5757312080
 17.6896551724 0.7693696295 0.5657571347
 17.6896551724 0.8975979010 0.5564653004
 17.6896551724 1.0258261726 0.5486470717
 17.6896551724 1.1540544442 0.5427037127
 17.6896551724 1.2822827158 0.5381988488
 17.6896551724 1.4105109873 0.5355805016
 17.6896551724 1.5387392589 0.5345733449
 17.6896551724 1.6669675305 0.5349745036
 17.6896551724 1.7951958021 0.5367944694
 17.6896551724 1.9234240736 0.5399676524
 17.6896551724 2.0516523452 0.5451583085
 17.6896551724 2.1798806168 0.5523149798
 17.6896551724 2.3081088884 0.5609144234
 17.6896551724 2.4363371599 0.5705892671
 17.6896551724 2.5645654315 0.5802230502
 17.6896551724 2.6927937031 0.5895665868
 17.6896551724 2.8210219747 0.5968454097
 17.6896551724 2.9492502462 0.6020043704
 17.6896551724 3.0774785178 0.6046725645
 17.6896551724 3.2057067894 0.6046725645
 17.6896551724 3.3339350610 0.6020043704
 17.6896551724 3.4621633325 0.5968454097
 17.6896551724 3.5903916041 0.5895665868
 17.6896551724 3.7186198757 0.5802230502
 17.6896551724 3.8468481473 0.5705892671
 17.6896551724 3.9750764188 0.5609144234
 17.6896551724 4.1033046904 0.5523149798
 17.6896551724 4.2315329620 0.5451583085
 17.6896551724 4.3597612336 0.5399676524
 17.6896551724 4.4879895051 0.5367944694
 17.6896551724 4.6162177767 0.5349745036
 17.6896551724 4.7444460483 0.5345733449
 17.6896551724 4.8726743199 0.5355805016
 17.6896551724 5.0009025914 0.5381988488
 17.6896551724 5.1291308630 0.5427037127
 17.6896551724 5.2573591346 0.5486470717
 17.6896551724 5.3855874062 0.5564653004
 17.6896551724 5.5138156777 0.5657571347
 17.6896551724 5.6420439493 0.5757312080
 17.6896551724 5.7702722209 0.5847647218
 17.6896551724 5.8985004925 0.5932636058
 17.6896551724 6.0267287640 0.5995664170
 17.6896551724 6.1549570356 0.6036391494
 17.6896551724 6.2831853072 0.6050201057
 20.8620689655 0.0000000000 0.5982694274
 20.8620689655 0.1282282716 0.5968495815
 20.8620689655 0.2564565432 0.5927148100
 20.8620689655 0.3846848147 0.5863193045
 20.8620689655 0.5129130863 0.5776872707
 20.8620689655 0.6411413579 0.5685164412
 20.8620689655 0.7693696295 0.5583688197
 20.8620689655 0.8975979010 0.5489352040
 20.8620689655 1.0258261726 0.5409687394
 20.8620689655 1.1540544442 0.5348890066
 20.8620689655 1.2822827158 0.5302680941
 20.8620689655 1.4105109873 0.5275765590
 20.8620689655 1.5387392589 0.5265394600
 20.8620689655 1.6669675305 0.5269484601
 20.8620689655 1.7951958021 0.5288161340
 20.8620689655 1.9234240736 0.5320926096
 20.8620689655 2.0516523452 0.5374006989
 20.8620689655 2.1798806168 0.5447078361
 20.8620689655 2.3081088884 0.5534615945
 20.8620689655 2.4363371599 0.5632925392
 20.8620689655 2.5645654315 0.5730713655
 20.8620689655 2.6927937031 0.5825596289
 20.8620689655 2.8210219747 0.5899555156
 20.8620689655 2.9492502462 0.5951971857
 20.8620689655 3.0774785178 0.5979087197
 20.8620689655 3.2057067894 0.5979087197
 20.8620689655 3.3339350610 0.5951971857
 20.8620689655 3.4621633325 0.5899555156
 20.8620689655 3.5903916041 0.5825596289
 20.8620689655 3.7186198757 0.5730713655
 20.8620689655 3.8468481473 0.5632925392
 20.8620689655 3.9750764188 0.5534615945
 20.8620689655 4.1033046904 0.5447078361
 20.8620689655 4.2315329620 0.5374006989
 20.8620689655 4.3597612336 0.5320926096
 20.8620689655 4.4879895051 0.5288161340
 20.8620689655 4.6162177767 0.5269484601
 20.8620689655 4.7444460483 0.5265394600
 20.8620689655 4.8726743199 0.5275765590
 20.8620689655 5.0009025914 0.5302680941
 20.8620689655 5.1291308630 0.5348890066
 20.8620689655 5.2573591346 0.5409687394
 20.8620689655 5.3855874062 0.5489352040
 20.8620689655 5.5138156777 0.5583688197
 20.8620689655 5.6420439493 0.5685164412
 20.8620689655 5.7702722209 0.5776872707
 20.8620689655 5.8985004925 0.5863193045
 20.8620689655 6.0267287640 0.5927148100
 20.8620689655 6.1549570356 0.5968495815
 20.8620689655 6.2831853072 0.5982694274
 24.0344827586 0.0000000000 0.5958159074
 24.0344827586 0.1282282716 0.5943635128
 24.0344827586 0.2564565432 0.5901238579
 24.0344827586 0.3846848147 0.5835768742
 24.0344827586 0.5129130863 0.5747324593
 24.0344827586 0.6411413579 0.5653351630
 24.0344827586 0.7693696295 0.5549438302
 24.0344827586 0.8975979010 0.5452684101
 24.0344827586 1.0258261726 0.5370862043
 24.0344827586 1.1540544442 0.5308246859
 24.0344827586 1.2822827158 0.5260653122
 24.0344827586 1.4105109873 0.5232948678
 24.0344827586 1.5387392589 0.5222173789
 24.0344827586 1.6669675305 0.5226432808
 24.0344827586 1.7951958021 0.5245669661
 24.0344827586 1.9234240736 0.5279514624
 24.0344827586 2.0516523452 0.5334147133
 24.0344827586 2.1798806168 0.5409265519
 24.0344827586 2.3081088884 0.5499093583
 24.0344827586 2.4363371599 0.5599875149
 24.0344827586 2.5645654315 0.5700076640
 24.0344827586 2.6927937031 0.5797226620
 24.0344827586 2.8210219747 0.5873002894
 24.0344827586 2.9492502462 0.5926746887
 24.0344827586 3.0774785178 0.5954509202
 24.0344827586 3.2057067894 0.5954509202
 24.0344827586 3.3339350610 0.5926746887
 24.0344827586 3.4621633325 0.5873002894
 24.0344827586 3.5903916041 0.5797226620
 24.0344827586 3.7186198757 0.5700076640
 24.0344827586 3.8468481473 0.5599875149
 24.0344827586 3.9750764188 0.5499093583
 24.0344827586 4.1033046904 0.5409265519
 24.0344827586 4.2315329620 0.5334147133
 24.0344827586 4.3597612336 0.5279514624
 24.0344827586 4.4879895051 0.5245669661
 24.0344827586 4.6162177767 0.5226432808
 24.0344827586 4.7444460483 0.5222173789
 24.0344827586 4.8726743199 0.5232948678
 24.0344827586 5.0009025914 0.5260653122
 24.0344827586 5.1291308630 0.5308246859
 24.0344827586 5.2573591346 0.5370862043
 24.0344827586 5.3855874062 0.5452684101
 24.0344827586 5.5138156777 0.5549438302
 24.0344827586 5.6420439493 0.5653351630
 24.0344827586 5.7702722209 0.5747324593
 24.0344827586 5.8985004925 0.5835768742
 24.0344827586 6.0267287640 0.5901238579
 24.0344827586 6.1549570356 0.5943635128
 24.0344827586 6.2831853072 0.5958159074
 27.2068965517 0.0000000000 0.5918994344
 27.2068965517 0.1282282716 0.5904234931
 27.2068965517 0.2564565432 0.5861419166
 27.2068965517 0.3846848147 0.5795246885
 27.2068965517 0.5129130863 0.5705779009
 27.2068965517 0.6411413579 0.5610780652
 27.2068965517 0.7693696295 0.5505732969
 27.2068965517 0.8975979010 0.5407907286
 27.2068965517 1.0258261726 0.5325007172
 27.2068965517 1.1540544442 0.5261493904
 27.2068965517 1.2822827158 0.5213181249
 27.2068965517 1.4105109873 0.5184987125
 27.2068965517 1.5387392589 0.5173970586
 27.2068965517 1.6669675305 0.5178276858
 27.2068965517 1.7951958021 0.5197892842
 27.2068965517 1.9234240736 0.5232409911
 27.2068965517 2.0516523452 0.5287800558
 27.2068965517 2.1798806168 0.5363893715
 27.2068965517 2.3081088884 0.5454846557
 27.2068965517 2.4363371599 0.5556745961
 27.2068965517 2.5645654315 0.5658034241
 27.2068965517 2.6927937031 0.5756213007
 27.2068965517 2.8210219747 0.5832880359
 27.2068965517 2.9492502462 0.5887213862
 27.2068965517 3.0774785178 0.5915266646
 27.2068965517 3.2057067894 0.5915266646
 27.2068965517 3.3339350610 0.5887213862
 27.2068965517 3.4621633325 0.5832880359
 27.2068965517 3.5903916041 0.5756213007
 27.2068965517 3.7186198757 0.5658034241
 27.2068965517 3.8468481473 0.5556745961
 27.2068965517 3.9750764188 0.5454846557
 27.2068965517 4.1033046904 0.5363893715
 27.2068965517 4.2315329620 0.5287800558
 27.2068965517 4.3597612336 0.5232409911
 27.2068965517 4.4879895051 0.5197892842
 27.2068965517 4.6162177767 0.5178276858
 27.2068965517 4.7444460483 0.5173970586
 27.2068965517 4.8726743199 0.5184987125
 27.2068965517 5.0009025914 0.5213181249
 27.2068965517 5.1291308630 0.5261493904
 27.2068965517 5.2573591346 0.5325007172
 27.2068965517 5.3855874062 0.5407907286
 27.2068965517 5.5138156777 0.5505732969
 27.2068965517 5.6420439493 0.5610780652
 27.2068965517 5.7702722209 0.5705779009
 27.2068965517 5.8985004925 0.5795246885
 27.2068965517 6.0267287640 0.5861419166
 27.2068965517 6.1549570356 0.5904234931
 27.2068965517 6.2831853072 0.5918994344
 30.3793103448 0.0000000000 0.5930107120
 30.3793103448 0.1282282716 0.5915196019
 30.3793103448 0.2564565432 0.5871944394
 30.3793103448 0.3846848147 0.5805101193
 30.3793103448 0.5129130863 0.5714685277
 30.3793103448 0.6411413579 0.5618612954
 30.3793103448 0.7693696295 0.5512473958
 30.3793103448 0.8975979010 0.5413475102
 30.3793103448 1.0258261726 0.5329576589
 30.3793103448 1.1540544442 0.5265327401
 30.3793103448 1.2822827158 0.5216442527
 30.3793103448 1.4105109873 0.5187856089
 30.3793103448 1.5387392589 0.5176690223
 30.3793103448 1.6669675305 0.5181055046
 30.3793103448 1.7951958021 0.5200989636
 30.3793103448 1.9234240736 0.5235908443
 30.3793103448 2.0516523452 0.5291978497
 30.3793103448 2.1798806168 0.5368930181
 30.3793103448 2.3081088884 0.5460959827
 30.3793103448 2.4363371599 0.5563985566
 30.3793103448 2.5645654315 0.5666377332
 30.3793103448 2.6927937031 0.5765621141
 30.3793103448 2.8210219747 0.5843098006
 30.3793103448 2.9492502462 0.5898022849
 30.3793103448 3.0774785178 0.5926343102
 30.3793103448 3.2057067894 0.5926343102
 30.3793103448 3.3339350610 0.5898022849
 30.3793103448 3.4621633325 0.5843098006
 30.3793103448 3.5903916041 0.5765621141
 30.3793103448 3.7186198757 0.5666377332
 30.3793103448 3.8468481473 0.5563985566
 30.3793103448 3.9750764188 0.5460959827
 30.3793103448 4.1033046904 0.5368930181
 30.3793103448 4.2315329620 0.5291978497
 30.3793103448 4.3597612336 0.5235908443
 30.3793103448 4.4879895051 0.5200989636
 30.3793103448 4.6162177767 0.5181055046
 30.3793103448 4.7444460483 0.5176690223
 30.3793103448 4.8726743199 0.5187856089
 30.3793103448 5.0009025914 0.5216442527
 30.3793103448 5.1291308630 0.5265327401
 30.3793103448 5.2573591346 0.5329576589
 30.3793103448 5.3855874062 0.5413475102
 30.3793103448 5.5138156777 0.5512473958
 30.3793103448 5.6420439493 0.5618612954
 30.3793103448 5.7702722209 0.5714685277
 30.3793103448 5.8985004925 0.5805101193
 30.3793103448 6.0267287640 0.5871944394
 30.3793103448 6.1549570356 0.5915196019
 30.3793103448 6.2831853072 0.5930107120
 33.5517241379 0.0000000000 0.5957956519
 33.5517241379 0.1282282716 0.5942847417
 33.5517241379 0.2564565432 0.5899072224
 33.5517241379 0.3846848147 0.5831427796
 33.5517241379 0.5129130863 0.5739903223
 33.5517241379 0.6411413579 0.5642574781
 33.5517241379 0.7693696295 0.5535152520
 33.5517241379 0.8975979010 0.5434830584
 33.5517241379 1.0258261726 0.5349803058
 33.5517241379 1.1540544442 0.5284684844
 33.5517241379 1.2822827158 0.5235152639
 33.5517241379 1.4105109873 0.5206165286
 33.5517241379 1.5387392589 0.5194871238
 33.5517241379 1.6669675305 0.5199274197
 33.5517241379 1.7951958021 0.5219537304
 33.5517241379 1.9234240736 0.5254890512
 33.5517241379 2.0516523452 0.5311750856
 33.5517241379 2.1798806168 0.5389681228
 33.5517241379 2.3081088884 0.5482904575
 33.5517241379 2.4363371599 0.5587258263
 33.5517241379 2.5645654315 0.5690942994
 33.5517241379 2.6927937031 0.5791416324
 33.5517241379 2.8210219747 0.5869858850
 33.5517241379 2.9492502462 0.5925471238
 33.5517241379 3.0774785178 0.5954113299
 33.5517241379 3.2057067894 0.5954113299
 33.5517241379 3.3339350610 0.5925471238
 33.5517241379 3.4621633325 0.5869858850
 33.5517241379 3.5903916041 0.5791416324
 33.5517241379 3.7186198757 0.5690942994
 33.5517241379 3.8468481473 0.5587258263
 33.5517241379 3.9750764188 0.5482904575
 33.5517241379 4.1033046904 0.5389681228
 33.5517241379 4.2315329620 0.5311750856
 33.5517241379 4.3597612336 0.5254890512
 33.5517241379 4.4879895051 0.5219537304
 33.5517241379 4.6162177767 0.5199274197
 33.5517241379 4.7444460483 0.5194871238
 33.5517241379 4.8726743199 0.5206165286
 33.5517241379 5.0009025914 0.5235152639
 33.5517241379 5.1291308630 0.5284684844
 33.5517241379 5.2573591346 0.5349803058
 33.5517241379 5.3855874062 0.5434830584
 33.5517241379 5.5138156777 0.5535152520
 33.5517241379 5.6420439493 0.5642574781
 33.5517241379 5.7702722209 0.5739903223
 33.5517241379 5.8985004925 0.5831427796
 33.5517241379 6.0267287640 0.5899072224
 33.5517241379 6.1549570356 0.5942847417
 33.5517241379 6.2831853072 0.5957956519
 36.7241379310 0.0000000000 0.5994216399
 36.7241379310 0.1282282716 0.5978948240
 36.7241379310 0.2564565432 0.5934748092
 36.7241379310 0.3846848147 0.5866432694
 36.7241379310 0.5129130863 0.5773984217
 36.7241379310 0.6411413579 0.5675610263
 36.7241379310 0.7693696295 0.5567124580
 36.7241379310 0.8975979010 0.5465705021
 36.7241379310 1.0258261726 0.5379729528
 36.7241379310 1.1540544442 0.5313880466
 36.7241379310 1.2822827158 0.5263805670
 36.7241379310 1.4105109873 0.5234511122
 36.7241379310 1.5387392589 0.5223086880
 36.7241379310 1.6669675305 0.5227540302
 36.7241379310 1.7951958021 0.5248072075
 36.7241379310 1.9234240736 0.5283765937
 36.7241379310 2.0516523452 0.5341307174
 36.7241379310 2.1798806168 0.5420038218
 36.7241379310 2.3081088884 0.5514280285
 36.7241379310 2.4363371599 0.5619723056
 36.7241379310 2.5645654315 0.5724493186
 36.7241379310 2.6927937031 0.5825971087
 36.7241379310 2.8210219747 0.5905208778
 36.7241379310 2.9492502462 0.5961429423
 36.7241379310 3.0774785178 0.5990303113
 36.7241379310 3.2057067894 0.5990303113
 36.7241379310 3.3339350610 0.5961429423
 36.7241379310 3.4621633325 0.5905208778
 36.7241379310 3.5903916041 0.5825971087
 36.7241379310 3.7186198757 0.5724493186
 36.7241379310 3.8468481473 0.5619723056
 36.7241379310 3.9750764188 0.5514280285
 36.7241379310 4.1033046904 0.5420038218
 36.7241379310 4.2315329620 0.5341307174
 36.7241379310 4.3597612336 0.5283765937
 36.7241379310 4.4879895051 0.5248072075
 36.7241379310 4.6162177767 0.5227540302
 36.7241379310 4.7444460483 0.5223086880
 36.7241379310 4.8726743199 0.5234511122
 36.7241379310 5.0009025914 0.5263805670
 36.7241379310 5.1291308630 0.5313880466
 36.7241379310 5.2573591346 0.5379729528
 36.7241379310 5.3855874062 0.5465705021
 36.7241379310 5.5138156777 0.5567124580
 36.7241379310 5.6420439493 0.5675610263
 36.7241379310 5.7702722209 0.5773984217
 36.7241379310 5.8985004925 0.5866432694
 36.7241379310 6.0267287640 0.5934748092
 36.7241379310 6.1549570356 0.5978948240
 36.7241379310 6.2831853072 0.5994216399
 39.8965517241 0.0000000000 0.6055959280
 39.8965517241 0.1282282716 0.6040572557
 39.8965517241 0.2564565432 0.5996066262
 39.8965517241 0.3846848147 0.5927333932
 39.8965517241 0.5129130863 0.5834239017
 39.8965517241 0.6411413579 0.5735087990
 39.8965517241 0.7693696295 0.5625846550
 39.8965517241 0.8975979010 0.5523658138
 39.8965517241 1.0258261726 0.5437052015
 39.8965517241 1.1540544442 0.5370814210
 39.8965517241 1.2822827158 0.5320438548
 39.8965517241 1.4105109873 0.5291010434
 39.8965517241 1.5387392589 0.5279549355
 39.8965517241 1.6669675305 0.5284062715
 39.8965517241 1.7951958021 0.5304702325
 39.8965517241 1.9234240736 0.5340509632
 39.8965517241 2.0516523452 0.5398453992
 39.8965517241 2.1798806168 0.5477658966
 39.8965517241 2.3081088884 0.5572564844
 39.8965517241 2.4363371599 0.5678796474
 39.8965517241 2.5645654315 0.5784357939
 39.8965517241 2.6927937031 0.5886559613
 39.8965517241 2.8210219747 0.5966310363
 39.8965517241 2.9492502462 0.6022927800
 39.8965517241 3.0774785178 0.6051992815
 39.8965517241 3.2057067894 0.6051992815
 39.8965517241 3.3339350610 0.6022927800
 39.8965517241 3.4621633325 0.5966310363
 39.8965517241 3.5903916041 0.5886559613
 39.8965517241 3.7186198757 0.5784357939
 39.8965517241 3.8468481473 0.5678796474
 39.8965517241 3.9750764188 0.5572564844
 39.8965517241 4.1033046904 0.5477658966
 39.8965517241 4.2315329620 0.5398453992
 39.8965517241 4.3597612336 0.5340509632
 39.8965517241 4.4879895051 0.5304702325
 39.8965517241 4.6162177767 0.5284062715
 39.8965517241 4.7444460483 0.5279549355
 39.8965517241 4.8726743199 0.5291010434
 39.8965517241 5.0009025914 0.5320438548
 39.8965517241 5.1291308630 0.5370814210
 39.8965517241 5.2573591346 0.5437052015
 39.8965517241 5.3855874062 0.5523658138
 39.8965517241 5.5138156777 0.5625846550
 39.8965517241 5.6420439493 0.5735087990
 39.8965517241 5.7702722209 0.5834239017
 39.8965517241 5.8985004925 0.5927333932
 39.8965517241 6.0267287640 0.5996066262
 39.8965517241 6.1549570356 0.6040572557
 39.8965517241 6.2831853072 0.6055959280
 43.0689655172 0.0000000000 0.6109436877
 43.0689655172 0.1282282716 0.6093954172
 43.0689655172 0.2564565432 0.6049146642
 43.0689655172 0.3846848147 0.5980057836
 43.0689655172 0.5129130863 0.5886325446
 43.0689655172 0.6411413579 0.5786486909
 43.0689655172 0.7693696295 0.5676568231
 43.0689655172 0.8975979010 0.5573628356
 43.0689655172 1.0258261726 0.5486423493
 43.0689655172 1.1540544442 0.5419857972
 43.0689655172 1.2822827158 0.5369238873
 43.0689655172 1.4105109873 0.5339672104
 43.0689655172 1.5387392589 0.5328209073
 43.0689655172 1.6669675305 0.5332736862
 43.0689655172 1.7951958021 0.5353494066
 43.0689655172 1.9234240736 0.5389401699
 43.0689655172 2.0516523452 0.5447666857
 43.0689655172 2.1798806168 0.5527320485
 43.0689655172 2.3081088884 0.5622832479
 43.0689655172 2.4363371599 0.5729805975
 43.0689655172 2.5645654315 0.5836094394
 43.0689655172 2.6927937031 0.5938983587
 43.0689655172 2.8210219747 0.6019191591
 43.0689655172 2.9492502462 0.6076199709
 43.0689655172 3.0774785178 0.6105405945
 43.0689655172 3.2057067894 0.6105405945
 43.0689655172 3.3339350610 0.6076199709
 43.0689655172 3.4621633325 0.6019191591
 43.0689655172 3.5903916041 0.5938983587
 43.0689655172 3.7186198757 0.5836094394
 43.0689655172 3.8468481473 0.5729805975
 43.0689655172 3.9750764188 0.5622832479
 43.0689655172 4.1033046904 0.5527320485
 43.0689655172 4.2315329620 0.5447666857
 43.0689655172 4.3597612336 0.5389401699
 43.0689655172 4.4879895051 0.5353494066
 43.0689655172 4.6162177767 0.5332736862
 43.0689655172 4.7444460483 0.5328209073
 43.0689655172 4.8726743199 0.5339672104
 43.0689655172 5.0009025914 0.5369238873
 43.0689655172 5.1291308630 0.5419857972
 43.0689655172 5.2573591346 0.5486423493
 43.0689655172 5.3855874062 0.5573628356
 43.0689655172 5.5138156777 0.5676568231
 43.0689655172 5.6420439493 0.5786486909
 43.0689655172 5.7702722209 0.5886325446
 43.0689655172 5.8985004925 0.5980057836
 43.0689655172 6.0267287640 0.6049146642
 43.0689655172 6.1549570356 0.6093954172
 43.0689655172 6.2831853072 0.6109436877
 46.2445303676 0.0000000000 0.6152804858
 46.2445303676 0.1282282716 0.6137272345
 46.2445303676 0.2564565432 0.6092259655
 46.2445303676 0.3846848147 0.6022890559
 46.2445303676 0.5129130863 0.5928713597
 46.2445303676 0.6411413579 0.5828374703
 46.2445303676 0.7693696295 0.5717992462
 46.2445303676 0.8975979010 0.5614466215
 46.2445303676 1.0258261726 0.5526825512
 46.2445303676 1.1540544442 0.5460042046
 46.2445303676 1.2822827158 0.5409264118
 46.2445303676 1.4105109873 0.5379580341
 46.2445303676 1.5387392589 0.5368114295
 46.2445303676 1.6669675305 0.5372637311
 46.2445303676 1.7951958021 0.5393518575
 46.2445303676 1.9234240736 0.5429473712
 46.2445303676 2.0516523452 0.5487972448
 46.2445303676 2.1798806168 0.5567932523
 46.2445303676 2.3081088884 0.5663889322
 46.2445303676 2.4363371599 0.5771408205
 46.2445303676 2.5645654315 0.5878215524
 46.2445303676 2.6927937031 0.5981614775
 46.2445303676 2.8210219747 0.6062135315
 46.2445303676 2.9492502462 0.6119436638
 46.2445303676 3.0774785178 0.6148726610
 46.2445303676 3.2057067894 0.6148726610
 46.2445303676 3.3339350610 0.6119436638
 46.2445303676 3.4621633325 0.6062135315
 46.2445303676 3.5903916041 0.5981614775
 46.2445303676 3.7186198757 0.5878215524
 46.2445303676 3.8468481473 0.5771408205
 46.2445303676 3.9750764188 0.5663889322
 46.2445303676 4.1033046904 0.5567932523
 46.2445303676 4.2315329620 0.5487972448
 46.2445303676 4.3597612336 0.5429473712
 46.2445303676 4.4879895051 0.5393518575
 46.2445303676 4.6162177767 0.5372637311
 46.2445303676 4.7444460483 0.5368114295
 46.2445303676 4.8726743199 0.5379580341
 46.2445303676 5.0009025914 0.5409264118
 46.2445303676 5.1291308630 0.5460042046
 46.2445303676 5.2573591346 0.5526825512
 46.2445303676 5.3855874062 0.5614466215
 46.2445303676 5.5138156777 0.5717992462
 46.2445303676 5.6420439493 0.5828374703
 46.2445303676 5.7702722209 0.5928713597
 46.2445303676 5.8985004925 0.6022890559
 46.2445303676 6.0267287640 0.6092259655
 46.2445303676 6.1549570356 0.6137272345
 46.2445303676 6.2831853072 0.6152804858
 49.4201860960 0.0000000000 0.6198287431
 49.4201860960 0.1282282716 0.6182665009
 49.4201860960 0.2564565432 0.6137416363
 49.4201860960 0.3846848147 0.6067690759
 49.4201860960 0.5129130863 0.5972980523
 49.4201860960 0.6411413579 0.5872039802
 49.4201860960 0.7693696295 0.5761085131
 49.4201860960 0.8975979010 0.5656869531
 49.4201860960 1.0258261726 0.5568710844
 49.4201860960 1.1540544442 0.5501587911
 49.4201860960 1.2822827158 0.5450585455
 49.4201860960 1.4105109873 0.5420761447
 49.4201860960 1.5387392589 0.5409265887
 49.4201860960 1.6669675305 0.5413800925
 49.4201860960 1.7951958021 0.5434831369
 49.4201860960 1.9234240736 0.5470870964
 49.4201860960 2.0516523452 0.5529686029
 49.4201860960 2.1798806168 0.5610065691
 49.4201860960 2.3081088884 0.5706581151
 49.4201860960 2.4363371599 0.5814746244
 49.4201860960 2.5645654315 0.5922160411
 49.4201860960 2.6927937031 0.6026155331
 49.4201860960 2.8210219747 0.6107105592
 49.4201860960 2.9492502462 0.6164748581
 49.4201860960 3.0774785178 0.6194159637
 49.4201860960 3.2057067894 0.6194159637
 49.4201860960 3.3339350610 0.6164748581
 49.4201860960 3.4621633325 0.6107105592
 49.4201860960 3.5903916041 0.6026155331
 49.4201860960 3.7186198757 0.5922160411
 49.4201860960 3.8468481473 0.5814746244
 49.4201860960 3.9750764188 0.5706581151
 49.4201860960 4.1033046904 0.5610065691
 49.4201860960 4.2315329620 0.5529686029
 49.4201860960 4.3597612336 0.5470870964
 49.4201860960 4.4879895051 0.5434831369
 49.4201860960 4.6162177767 0.5413800925
 49.4201860960 4.7444460483 0.5409265887
 49.4201860960 4.8726743199 0.5420761447
 49.4201860960 5.0009025914 0.5450585455
 49.4201860960 5.1291308630 0.5501587911
 49.4201860960 5.2573591346 0.5568710844
 49.4201860960 5.3855874062 0.5656869531
 49.4201860960 5.5138156777 0.5761085131
 49.4201860960 5.6420439493 0.5872039802
 49.4201860960 5.7702722209 0.5972980523
 49.4201860960 5.8985004925 0.6067690759
 49.4201860960 6.0267287640 0.6137416363
 49.4201860960 6.1549570356 0.6182665009
 49.4201860960 6.2831853072 0.6198287431
 52.8287871326 0.0000000000 0.6259972379
 52.8287871326 0.1282282716 0.6244321019
 52.8287871326 0.2564565432 0.6199002134
 52.8287871326 0.3846848147 0.6129178950
 52.8287871326 0.5129130863 0.6034300041
 52.8287871326 0.6411413579 0.5933098565
 52.8287871326 0.7693696295 0.5821958669
 52.8287871326 0.8975979010 0.5717504955
 52.8287871326 1.0258261726 0.5629162070
 52.8287871326 1.1540544442 0.5561965885
 52.8287871326 1.2822827158 0.5510916797
 52.8287871326 1.4105109873 0.5481081622
 52.8287871326 1.5387392589 0.5469610060
 52.8287871326 1.6669675305 0.5474151940
 52.8287871326 1.7951958021 0.5495216500
 52.8287871326 1.9234240736 0.5531207073
 52.8287871326 2.0516523452 0.5590132034
 52.8287871326 2.1798806168 0.5670600777
 52.8287871326 2.3081088884 0.5767303907
 52.8287871326 2.4363371599 0.5875695596
 52.8287871326 2.5645654315 0.5983343588
 52.8287871326 2.6927937031 0.6087532318
 52.8287871326 2.8210219747 0.6168628947
 52.8287871326 2.9492502462 0.6226386900
 52.8287871326 3.0774785178 0.6255808948
 52.8287871326 3.2057067894 0.6255808948
 52.8287871326 3.3339350610 0.6226386900
 52.8287871326 3.4621633325 0.6168628947
 52.8287871326 3.5903916041 0.6087532318
 52.8287871326 3.7186198757 0.5983343588
 52.8287871326 3.8468481473 0.5875695596
 52.8287871326 3.9750764188 0.5767303907
 52.8287871326 4.1033046904 0.5670600777
 52.8287871326 4.2315329620 0.5590132034
 52.8287871326 4.3597612336 0.5531207073
 52.8287871326 4.4879895051 0.5495216500
 52.8287871326 4.6162177767 0.5474151940
 52.8287871326 4.7444460483 0.5469610060
 52.8287871326 4.8726743199 0.5481081622
 52.8287871326 5.0009025914 0.5510916797
 52.8287871326 5.1291308630 0.5561965885
 52.8287871326 5.2573591346 0.5629162070
 52.8287871326 5.3855874062 0.5717504955
 52.8287871326 5.5138156777 0.5821958669
 52.8287871326 5.6420439493 0.5933098565
 52.8287871326 5.7702722209 0.6034300041
 52.8287871326 5.8985004925 0.6129178950
 52.8287871326 6.0267287640 0.6199002134
 52.8287871326 6.1549570356 0.6244321019
 52.8287871326 6.2831853072 0.6259972379
 56.4139685196 0.0000000000 0.6328823701
 56.4139685196 0.1282282716 0.6313243302
 56.4139685196 0.2564565432 0.6268045950
 56.4139685196 0.3846848147 0.6198485286
 56.4139685196 0.5129130863 0.6103872403
 56.4139685196 0.6411413579 0.6002924036
 56.4139685196 0.7693696295 0.5892121535
 56.4139685196 0.8975979010 0.5787868479
 56.4139685196 1.0258261726 0.5699777572
 56.4139685196 1.1540544442 0.5632919715
 56.4139685196 1.2822827158 0.5582148028
 56.4139685196 1.4105109873 0.5552464489
 56.4139685196 1.5387392589 0.5541111437
 56.4139685196 1.6669675305 0.5545621092
 56.4139685196 1.7951958021 0.5566597276
 56.4139685196 1.9234240736 0.5602295108
 56.4139685196 2.0516523452 0.5660970746
 56.4139685196 2.1798806168 0.5741114905
 56.4139685196 2.3081088884 0.5837511435
 56.4139685196 2.4363371599 0.5945653936
 56.4139685196 2.5645654315 0.6053033870
 56.4139685196 2.6927937031 0.6156963490
 56.4139685196 2.8210219747 0.6237734513
 56.4139685196 2.9492502462 0.6295338130
 56.4139685196 3.0774785178 0.6324646868
 56.4139685196 3.2057067894 0.6324646868
 56.4139685196 3.3339350610 0.6295338130
 56.4139685196 3.4621633325 0.6237734513
 56.4139685196 3.5903916041 0.6156963490
 56.4139685196 3.7186198757 0.6053033870
 56.4139685196 3.8468481473 0.5945653936
 56.4139685196 3.9750764188 0.5837511435
 56.4139685196 4.1033046904 0.5741114905
 56.4139685196 4.2315329620 0.5660970746
 56.4139685196 4.3597612336 0.5602295108
 56.4139685196 4.4879895051 0.5566597276
 56.4139685196 4.6162177767 0.5545621092
 56.4139685196 4.7444460483 0.5541111437
 56.4139685196 4.8726743199 0.5552464489
 56.4139685196 5.0009025914 0.5582148028
 56.4139685196 5.1291308630 0.5632919715
 56.4139685196 5.2573591346 0.5699777572
 56.4139685196 5.3855874062 0.5787868479
 56.4139685196 5.5138156777 0.5892121535
 56.4139685196 5.6420439493 0.6002924036
 56.4139685196 5.7702722209 0.6103872403
 56.4139685196 5.8985004925 0.6198485286
 56.4139685196 6.0267287640 0.6268045950
 56.4139685196 6.1549570356 0.6313243302
 56.4139685196 6.2831853072 0.6328823701
 60.4329396788 0.0000000000 0.6407004166
 60.4329396788 0.1282282716 0.6391480393
 60.4329396788 0.2564565432 0.6346373967
 60.4329396788 0.3846848147 0.6277011841
 60.4329396788 0.5129130863 0.6182586270
 60.4329396788 0.6411413579 0.6081757139
 60.4329396788 0.7693696295 0.5971179727
 60.4329396788 0.8975979010 0.5867032924
 60.4329396788 1.0258261726 0.5779109338
 60.4329396788 1.1540544442 0.5712511377
 60.4329396788 1.2822827158 0.5661956092
 60.4329396788 1.4105109873 0.5632414668
 60.4329396788 1.5387392589 0.5621173024
 60.4329396788 1.6669675305 0.5625666676
 60.4329396788 1.7951958021 0.5646570951
 60.4329396788 1.9234240736 0.5681988509
 60.4329396788 2.0516523452 0.5740493860
 60.4329396788 2.1798806168 0.5820381408
 60.4329396788 2.3081088884 0.5916567161
 60.4329396788 2.4363371599 0.6024569836
 60.4329396788 2.5645654315 0.6131803172
 60.4329396788 2.6927937031 0.6235555574
 60.4329396788 2.8210219747 0.6316107589
 60.4329396788 2.9492502462 0.6373594073
 60.4329396788 3.0774785178 0.6402806840
 60.4329396788 3.2057067894 0.6402806840
 60.4329396788 3.3339350610 0.6373594073
 60.4329396788 3.4621633325 0.6316107589
 60.4329396788 3.5903916041 0.6235555574
 60.4329396788 3.7186198757 0.6131803172
 60.4329396788 3.8468481473 0.6024569836
 60.4329396788 3.9750764188 0.5916567161
 60.4329396788 4.1033046904 0.5820381408
 60.4329396788 4.2315329620 0.5740493860
 60.4329396788 4.3597612336 0.5681988509
 60.4329396788 4.4879895051 0.5646570951
 60.4329396788 4.6162177767 0.5625666676
 60.4329396788 4.7444460483 0.5621173024
 60.4329396788 4.8726743199 0.5632414668
 60.4329396788 5.0009025914 0.5661956092
 60.4329396788 5.1291308630 0.5712511377
 60.4329396788 5.2573591346 0.5779109338
 60.4329396788 5.3855874062 0.5867032924
 60.4329396788 5.5138156777 0.5971179727
 60.4329396788 5.6420439493 0.6081757139
 60.4329396788 5.7702722209 0.6182586270
 60.4329396788 5.8985004925 0.6277011841
 60.4329396788 6.0267287640 0.6346373967
 60.4329396788 6.1549570356 0.6391480393
 60.4329396788 6.2831853072 0.6407004166
 65.0036211627 0.0000000000 0.6497441999
 65.0036211627 0.1282282716 0.6481952194
 65.0036211627 0.2564565432 0.6436870601
 65.0036211627 0.3846848147 0.6367560818
 65.0036211627 0.5129130863 0.6273173123
 65.0036211627 0.6411413579 0.6172281459
 65.0036211627 0.7693696295 0.6061757406
 65.0036211627 0.8975979010 0.5957519573
 65.0036211627 1.0258261726 0.5869618733
 65.0036211627 1.1540544442 0.5803149374
 65.0036211627 1.2822827158 0.5752721210
 65.0036211627 1.4105109873 0.5723276093
 65.0036211627 1.5387392589 0.5712133423
 65.0036211627 1.6669675305 0.5716618818
 65.0036211627 1.7951958021 0.5737483454
 65.0036211627 1.9234240736 0.5772662715
 65.0036211627 2.0516523452 0.5831105887
 65.0036211627 2.1798806168 0.5910898468
 65.0036211627 2.3081088884 0.6007043803
 65.0036211627 2.4363371599 0.6115090077
 65.0036211627 2.5645654315 0.6222344032
 65.0036211627 2.6927937031 0.6326098962
 65.0036211627 2.8210219747 0.6406585714
 65.0036211627 2.9492502462 0.6464065945
 65.0036211627 3.0774785178 0.6493212984
 65.0036211627 3.2057067894 0.6493212984
 65.0036211627 3.3339350610 0.6464065945
 65.0036211627 3.4621633325 0.6406585714
 65.0036211627 3.5903916041 0.6326098962
 65.0036211627 3.7186198757 0.6222344032
 65.0036211627 3.8468481473 0.6115090077
 65.0036211627 3.9750764188 0.6007043803
 65.0036211627 4.1033046904 0.5910898468
 65.0036211627 4.2315329620 0.5831105887
 65.0036211627 4.3597612336 0.5772662715
 65.0036211627 4.4879895051 0.5737483454
 65.0036211627 4.6162177767 0.5716618818
 65.0036211627 4.7444460483 0.5712133423
 65.0036211627 4.8726743199 0.5723276093
 65.0036211627 5.0009025914 0.5752721210
 65.0036211627 5.1291308630 0.5803149374
 65.0036211627 5.2573591346 0.5869618733
 65.0036211627 5.3855874062 0.5957519573
 65.0036211627 5.5138156777 0.6061757406
 65.0036211627 5.6420439493 0.6172281459
 65.0036211627 5.7702722209 0.6273173123
 65.0036211627 5.8985004925 0.6367560818
 65.0036211627 6.0267287640 0.6436870601
 65.0036211627 6.1549570356 0.6481952194
 65.0036211627 6.2831853072 0.6497441999
 70.7236129079 0.0000000000 0.6588605967
 70.7236129079 0.1282282716 0.6573184952
 70.7236129079 0.2564565432 0.6528224092
 70.7236129079 0.3846848147 0.6459143934
 70.7236129079 0.5129130863 0.6364977971
 70.7236129079 0.6411413579 0.6264252838
 70.7236129079 0.7693696295 0.6154024127
 70.7236129079 0.8975979010 0.6049908906
 70.7236129079 1.0258261726 0.5962216619
 70.7236129079 1.1540544442 0.5896073405
 70.7236129079 1.2822827158 0.5845907766
 70.7236129079 1.4105109873 0.5816622967
 70.7236129079 1.5387392589 0.5805611571
 70.7236129079 1.6669675305 0.5810063901
 70.7236129079 1.7951958021 0.5830861412
 70.7236129079 1.9234240736 0.5865707126
 70.7236129079 2.0516523452 0.5923943776
 70.7236129079 2.1798806168 0.6003412396
 70.7236129079 2.3081088884 0.6099307794
 70.7236129079 2.4363371599 0.6207170935
 70.7236129079 2.5645654315 0.6314216403
 70.7236129079 2.6927937031 0.6417769084
 70.7236129079 2.8210219747 0.6497977038
 70.7236129079 2.9492502462 0.6555329213
 70.7236129079 3.0774785178 0.6584351227
 70.7236129079 3.2057067894 0.6584351227
 70.7236129079 3.3339350610 0.6555329213
 70.7236129079 3.4621633325 0.6497977038
 70.7236129079 3.5903916041 0.6417769084
 70.7236129079 3.7186198757 0.6314216403
 70.7236129079 3.8468481473 0.6207170935
 70.7236129079 3.9750764188 0.6099307794
 70.7236129079 4.1033046904 0.6003412396
 70.7236129079 4.2315329620 0.5923943776
 70.7236129079 4.3597612336 0.5865707126
 70.7236129079 4.4879895051 0.5830861412
 70.7236129079 4.6162177767 0.5810063901
 70.7236129079 4.7444460483 0.5805611571
 70.7236129079 4.8726743199 0.5816622967
 70.7236129079 5.0009025914 0.5845907766
 70.7236129079 5.1291308630 0.5896073405
 70.7236129079 5.2573591346 0.5962216619
 70.7236129079 5.3855874062 0.6049908906
 70.7236129079 5.5138156777 0.6154024127
 70.7236129079 5.6420439493 0.6264252838
 70.7236129079 5.7702722209 0.6364977971
 70.7236129079 5.8985004925 0.6459143934
 70.7236129079 6.0267287640 0.6528224092
 70.7236129079 6.1549570356 0.6573184952
 70.7236129079 6.2831853072 0.6588605967
 77.0569634778 0.0000000000 0.6699161823
 77.0569634778 0.1282282716 0.6683838450
 77.0569634778 0.2564565432 0.6639105576
 77.0569634778 0.3846848147 0.6570413522
 77.0569634778 0.5129130863 0.6476719552
 77.0569634778 0.6411413579 0.6376429121
 77.0569634778 0.7693696295 0.6266784780
 77.0569634778 0.8975979010 0.6163051657
 77.0569634778 1.0258261726 0.6075793411
 77.0569634778 1.1540544442 0.6010121516
 77.0569634778 1.2822827158 0.5960358577
 77.0569634778 1.4105109873 0.5931305581
 77.0569634778 1.5387392589 0.5920453234
 77.0569634778 1.6669675305 0.5924855405
 77.0569634778 1.7951958021 0.5945530546
 77.0569634778 1.9234240736 0.5979951643
 77.0569634778 2.0516523452 0.6037823575
 77.0569634778 2.1798806168 0.6116804784
 77.0569634778 2.3081088884 0.6212194105
 77.0569634778 2.4363371599 0.6319596264
 77.0569634778 2.5645654315 0.6426159298
 77.0569634778 2.6927937031 0.6529228082
 77.0569634778 2.8210219747 0.6608970902
 77.0569634778 2.9492502462 0.6666070194
 77.0569634778 3.0774785178 0.6694875305
 77.0569634778 3.2057067894 0.6694875305
 77.0569634778 3.3339350610 0.6666070194
 77.0569634778 3.4621633325 0.6608970902
 77.0569634778 3.5903916041 0.6529228082
 77.0569634778 3.7186198757 0.6426159298
 77.0569634778 3.8468481473 0.6319596264
 77.0569634778 3.9750764188 0.6212194105
 77.0569634778 4.1033046904 0.6116804784
 77.0569634778 4.2315329620 0.6037823575
 77.0569634778 4.3597612336 0.5979951643
 77.0569634778 4.4879895051 0.5945530546
 77.0569634778 4.6162177767 0.5924855405
 77.0569634778 4.7444460483 0.5920453234
 77.0569634778 4.8726743199 0.5931305581
 77.0569634778 5.0009025914 0.5960358577
 77.0569634778 5.1291308630 0.6010121516
 77.0569634778 5.2573591346 0.6075793411
 77.0569634778 5.3855874062 0.6163051657
 77.0569634778 5.5138156777 0.6266784780
 77.0569634778 5.6420439493 0.6376429121
 77.0569634778 5.7702722209 0.6476719552
 77.0569634778 5.8985004925 0.6570413522
 77.0569634778 6.0267287640 0.6639105576
 77.0569634778 6.1549570356 0.6683838450
 77.0569634778 6.2831853072 0.6699161823
 83.7453094019 0.0000000000 0.6801981490
 83.7453094019 0.1282282716 0.6786869811
 83.7453094019 0.2564565432 0.6742651701
 83.7453094019 0.3846848147 0.6674776805
 83.7453094019 0.5129130863 0.6582143081
 83.7453094019 0.6411413579 0.6482890712
 83.7453094019 0.7693696295 0.6374476485
 83.7453094019 0.8975979010 0.6271786865
 83.7453094019 1.0258261726 0.6185525413
 83.7453094019 1.1540544442 0.6120764568
 83.7453094019 1.2822827158 0.6071709085
 83.7453094019 1.4105109873 0.6043079914
 83.7453094019 1.5387392589 0.6032468511
 83.7453094019 1.6669675305 0.6036805900
 83.7453094019 1.7951958021 0.6057204344
 83.7453094019 1.9234240736 0.6090973344
 83.7453094019 2.0516523452 0.6148122222
 83.7453094019 2.1798806168 0.6226092181
 83.7453094019 2.3081088884 0.6320386473
 83.7453094019 2.4363371599 0.6426667536
 83.7453094019 2.5645654315 0.6532094448
 83.7453094019 2.6927937031 0.6634051977
 83.7453094019 2.8210219747 0.6712826337
 83.7453094019 2.9492502462 0.6769276178
 83.7453094019 3.0774785178 0.6797712174
 83.7453094019 3.2057067894 0.6797712174
 83.7453094019 3.3339350610 0.6769276178
 83.7453094019 3.4621633325 0.6712826337
 83.7453094019 3.5903916041 0.6634051977
 83.7453094019 3.7186198757 0.6532094448
 83.7453094019 3.8468481473 0.6426667536
 83.7453094019 3.9750764188 0.6320386473
 83.7453094019 4.1033046904 0.6226092181
 83.7453094019 4.2315329620 0.6148122222
 83.7453094019 4.3597612336 0.6090973344
 83.7453094019 4.4879895051 0.6057204344
 83.7453094019 4.6162177767 0.6036805900
 83.7453094019 4.7444460483 0.6032468511
 83.7453094019 4.8726743199 0.6043079914
 83.7453094019 5.0009025914 0.6071709085
 83.7453094019 5.1291308630 0.6120764568
 83.7453094019 5.2573591346 0.6185525413
 83.7453094019 5.3855874062 0.6271786865
 83.7453094019 5.5138156777 0.6374476485
 83.7453094019 5.6420439493 0.6482890712
 83.7453094019 5.7702722209 0.6582143081
 83.7453094019 5.8985004925 0.6674776805
 83.7453094019 6.0267287640 0.6742651701
 83.7453094019 6.1549570356 0.6786869811
 83.7453094019 6.2831853072 0.6801981490
 90.6810321249 0.0000000000 0.6905456379
 90.6810321249 0.1282282716 0.6890530456
 90.6810321249 0.2564565432 0.6846742428
 90.6810321249 0.3846848147 0.6779573270
 90.6810321249 0.5129130863 0.6687839784
 90.6810321249 0.6411413579 0.6589464457
 90.6810321249 0.7693696295 0.6482097577
 90.6810321249 0.8975979010 0.6380287500
 90.6810321249 1.0258261726 0.6294859206
 90.6810321249 1.1540544442 0.6230898463
 90.6810321249 1.2822827158 0.6182465645
 90.6810321249 1.4105109873 0.6154211999
 90.6810321249 1.5387392589 0.6143820513
 90.6810321249 1.6669675305 0.6148096969
 90.6810321249 1.7951958021 0.6168255581
 90.6810321249 1.9234240736 0.6201433578
 90.6810321249 2.0516523452 0.6257959203
 90.6810321249 2.1798806168 0.6335056575
 90.6810321249 2.3081088884 0.6428410961
 90.6810321249 2.4363371599 0.6533747765
 90.6810321249 2.5645654315 0.6638223790
 90.6810321249 2.6927937031 0.6739241324
 90.6810321249 2.8210219747 0.6817170942
 90.6810321249 2.9492502462 0.6873079942
 90.6810321249 3.0774785178 0.6901200999
 90.6810321249 3.2057067894 0.6901200999
 90.6810321249 3.3339350610 0.6873079942
 90.6810321249 3.4621633325 0.6817170942
 90.6810321249 3.5903916041 0.6739241324
 90.6810321249 3.7186198757 0.6638223790
 90.6810321249 3.8468481473 0.6533747765
 90.6810321249 3.9750764188 0.6428410961
 90.6810321249 4.1033046904 0.6335056575
 90.6810321249 4.2315329620 0.6257959203
 90.6810321249 4.3597612336 0.6201433578
 90.6810321249 4.4879895051 0.6168255581
 90.6810321249 4.6162177767 0.6148096969
 90.6810321249 4.7444460483 0.6143820513
 90.6810321249 4.8726743199 0.6154211999
 90.6810321249 5.0009025914 0.6182465645
 90.6810321249 5.1291308630 0.6230898463
 90.6810321249 5.2573591346 0.6294859206
 90.6810321249 5.3855874062 0.6380287500
 90.6810321249 5.5138156777 0.6482097577
 90.6810321249 5.6420439493 0.6589464457
 90.6810321249 5.7702722209 0.6687839784
 90.6810321249 5.8985004925 0.6779573270
 90.6810321249 6.0267287640 0.6846742428
 90.6810321249 6.1549570356 0.6890530456
 90.6810321249 6.2831853072 0.6905456379
 97.8975246361 0.0000000000 0.7009713722
 97.8975246361 0.1282282716 0.6994943427
 97.8975246361 0.2564565432 0.6951544816
 97.8975246361 0.3846848147 0.6885023436
 97.8975246361 0.5129130863 0.6794105653
 97.8975246361 0.6411413579 0.6696528659
 97.8975246361 0.7693696295 0.6590122940
 97.8975246361 0.8975979010 0.6489098618
 97.8975246361 1.0258261726 0.6404427534
 97.8975246361 1.1540544442 0.6341186284
 97.8975246361 1.2822827158 0.6293322651
 97.8975246361 1.4105109873 0.6265406923
 97.8975246361 1.5387392589 0.6255214800
 97.8975246361 1.6669675305 0.6259432530
 97.8975246361 1.7951958021 0.6279381324
 97.8975246361 1.9234240736 0.6312022097
 97.8975246361 2.0516523452 0.6367978455
 97.8975246361 2.1798806168 0.6444287381
 97.8975246361 2.3081088884 0.6536789001
 97.8975246361 2.4363371599 0.6641270776
 97.8975246361 2.5645654315 0.6744876775
 97.8975246361 2.6927937031 0.6845038835
 97.8975246361 2.8210219747 0.6922210095
 97.8975246361 2.9492502462 0.6977631467
 97.8975246361 3.0774785178 0.7005453764
 97.8975246361 3.2057067894 0.7005453764
 97.8975246361 3.3339350610 0.6977631467
 97.8975246361 3.4621633325 0.6922210095
 97.8975246361 3.5903916041 0.6845038835
 97.8975246361 3.7186198757 0.6744876775
 97.8975246361 3.8468481473 0.6641270776
 97.8975246361 3.9750764188 0.6536789001
 97.8975246361 4.1033046904 0.6444287381
 97.8975246361 4.2315329620 0.6367978455
 97.8975246361 4.3597612336 0.6312022097
 97.8975246361 4.4879895051 0.6279381324
 97.8975246361 4.6162177767 0.6259432530
 97.8975246361 4.7444460483 0.6255214800
 97.8975246361 4.8726743199 0.6265406923
 97.8975246361 5.0009025914 0.6293322651
 97.8975246361 5.1291308630 0.6341186284
 97.8975246361 5.2573591346 0.6404427534
 97.8975246361 5.3855874062 0.6489098618
 97.8975246361 5.5138156777 0.6590122940
 97.8975246361 5.6420439493 0.6696528659
 97.8975246361 5.7702722209 0.6794105653
 97.8975246361 5.8985004925 0.6885023436
 97.8975246361 6.0267287640 0.6951544816
 97.8975246361 6.1549570356 0.6994943427
 97.8975246361 6.2831853072 0.7009713722
105.4344733230 0.0000000000 0.7102984364
105.4344733230 0.1282282716 0.7088472502
105.4344733230 0.2564565432 0.7045729229
105.4344733230 0.3846848147 0.6980215542
105.4344733230 0.5129130863 0.6890664802
105.4344733230 0.6411413579 0.6794462089
105.4344733230 0.7693696295 0.6689634542
105.4344733230 0.8975979010 0.6590000338
105.4344733230 1.0258261726 0.6506598430
105.4344733230 1.1540544442 0.6444420465
105.4344733230 1.2822827158 0.6397387467
105.4344733230 1.4105109873 0.6369960213
105.4344733230 1.5387392589 0.6360011035
105.4344733230 1.6669675305 0.6364150068
105.4344733230 1.7951958021 0.6383770093
105.4344733230 1.9234240736 0.6415712367
105.4344733230 2.0516523452 0.6470788506
105.4344733230 2.1798806168 0.6545883473
105.4344733230 2.3081088884 0.6637000234
105.4344733230 2.4363371599 0.6740002196
105.4344733230 2.5645654315 0.6842125481
105.4344733230 2.6927937031 0.6940833948
105.4344733230 2.8210219747 0.7016795915
105.4344733230 2.9492502462 0.7071403215
105.4344733230 3.0774785178 0.7098763228
105.4344733230 3.2057067894 0.7098763228
105.4344733230 3.3339350610 0.7071403215
105.4344733230 3.4621633325 0.7016795915
105.4344733230 3.5903916041 0.6940833948
105.4344733230 3.7186198757 0.6842125481
105.4344733230 3.8468481473 0.6740002196
105.4344733230 3.9750764188 0.6637000234
105.4344733230 4.1033046904 0.6545883473
105.4344733230 4.2315329620 0.6470788506
105.4344733230 4.3597612336 0.6415712367
105.4344733230 4.4879895051 0.6383770093
105.4344733230 4.6162177767 0.6364150068
105.4344733230 4.7444460483 0.6360011035
105.4344733230 4.8726743199 0.6369960213
105.4344733230 5.0009025914 0.6397387467
105.4344733230 5.1291308630 0.6444420465
105.4344733230 5.2573591346 0.6506598430
105.4344733230 5.3855874062 0.6590000338
105.4344733230 5.5138156777 0.6689634542
105.4344733230 5.6420439493 0.6794462089
105.4344733230 5.7702722209 0.6890664802
105.4344733230 5.8985004925 0.6980215542
105.4344733230 6.0267287640 0.7045729229
105.4344733230 6.1549570356 0.7088472502
105.4344733230 6.2831853072 0.7102984364
113.3394138844 0.0000000000 0.7197536693
113.3394138844 0.1282282716 0.7183258708
113.3394138844 0.2564565432 0.7141116389
113.3394138844 0.3846848147 0.7076547430
113.3394138844 0.5129130863 0.6988265787
113.3394138844 0.6411413579 0.6893346432
113.3394138844 0.7693696295 0.6789973306
113.3394138844 0.8975979010 0.6691629810
113.3394138844 1.0258261726 0.6609390098
113.3394138844 1.1540544442 0.6548216084
113.3394138844 1.2822827158 0.6501963271
113.3394138844 1.4105109873 0.6474985065
113.3394138844 1.5387392589 0.6465281128
113.3394138844 1.6669675305 0.6469337300
113.3394138844 1.7951958021 0.6488655350
113.3394138844 1.9234240736 0.6519933434
113.3394138844 2.0516523452 0.6574192213
113.3394138844 2.1798806168 0.6648151196
113.3394138844 2.3081088884 0.6737976738
113.3394138844 2.4363371599 0.6839611678
113.3394138844 2.5645654315 0.6940359848
113.3394138844 2.6927937031 0.7037727292
113.3394138844 2.8210219747 0.7112551800
113.3394138844 2.9492502462 0.7166404698
113.3394138844 3.0774785178 0.7193343460
113.3394138844 3.2057067894 0.7193343460
113.3394138844 3.3339350610 0.7166404698
113.3394138844 3.4621633325 0.7112551800
113.3394138844 3.5903916041 0.7037727292
113.3394138844 3.7186198757 0.6940359848
113.3394138844 3.8468481473 0.6839611678
113.3394138844 3.9750764188 0.6737976738
113.3394138844 4.1033046904 0.6648151196
113.3394138844 4.2315329620 0.6574192213
113.3394138844 4.3597612336 0.6519933434
113.3394138844 4.4879895051 0.6488655350
113.3394138844 4.6162177767 0.6469337300
113.3394138844 4.7444460483 0.6465281128
113.3394138844 4.8726743199 0.6474985065
113.3394138844 5.0009025914 0.6501963271
113.3394138844 5.1291308630 0.6548216084
113.3394138844 5.2573591346 0.6609390098
113.3394138844 5.3855874062 0.6691629810
113.3394138844 5.5138156777 0.6789973306
113.3394138844 5.6420439493 0.6893346432
113.3394138844 5.7702722209 0.6988265787
113.3394138844 5.8985004925 0.7076547430
113.3394138844 6.0267287640 0.7141116389
113.3394138844 6.1549570356 0.7183258708
113.3394138844 6.2831853072 0.7197536693
121.6697728549 0.0000000000 0.7292632475
121.6697728549 0.1282282716 0.7278589627
121.6697728549 0.2564565432 0.7237053602
121.6697728549 0.3846848147 0.7173432375
121.6697728549 0.5129130863 0.7086406109
121.6697728549 0.6411413579 0.6992757422
121.6697728549 0.7693696295 0.6890855359
121.6697728549 0.8975979010 0.6793799312
121.6697728549 1.0258261726 0.6712732402
121.6697728549 1.1540544442 0.6652549017
121.6697728549 1.2822827158 0.6607063596
121.6697728549 1.4105109873 0.6580540383
121.6697728549 1.5387392589 0.6571064415
121.6697728549 1.6669675305 0.6575047394
121.6697728549 1.7951958021 0.6594063287
121.6697728549 1.9234240736 0.6624694212
121.6697728549 2.0516523452 0.6678132527
121.6697728549 2.1798806168 0.6750959459
121.6697728549 2.3081088884 0.6839506025
121.6697728549 2.4363371599 0.6939767700
121.6697728549 2.5645654315 0.7039138146
121.6697728549 2.6927937031 0.7135159094
121.6697728549 2.8210219747 0.7208867427
121.6697728549 2.9492502462 0.7261961443
121.6697728549 3.0774785178 0.7288471824
121.6697728549 3.2057067894 0.7288471824
121.6697728549 3.3339350610 0.7261961443
121.6697728549 3.4621633325 0.7208867427
121.6697728549 3.5903916041 0.7135159094
121.6697728549 3.7186198757 0.7039138146
121.6697728549 3.8468481473 0.6939767700
121.6697728549 3.9750764188 0.6839506025
121.6697728549 4.1033046904 0.6750959459
121.6697728549 4.2315329620 0.6678132527
121.6697728549 4.3597612336 0.6624694212
121.6697728549 4.4879895051 0.6594063287
121.6697728549 4.6162177767 0.6575047394
121.6697728549 4.7444460483 0.6571064415
121.6697728549 4.8726743199 0.6580540383
121.6697728549 5.0009025914 0.6607063596
121.6697728549 5.1291308630 0.6652549017
121.6697728549 5.2573591346 0.6712732402
121.6697728549 5.3855874062 0.6793799312
121.6697728549 5.5138156777 0.6890855359
121.6697728549 5.6420439493 0.6992757422
121.6697728549 5.7702722209 0.7086406109
121.6697728549 5.8985004925 0.7173432375
121.6697728549 6.0267287640 0.7237053602
121.6697728549 6.1549570356 0.7278589627
121.6697728549 6.2831853072 0.7292632475
130.4955812688 0.0000000000 0.7386583660
130.4955812688 0.1282282716 0.7372845250
130.4955812688 0.2564565432 0.7332119462
130.4955812688 0.3846848147 0.7269741933
130.4955812688 0.5129130863 0.7184418763
130.4955812688 0.6411413579 0.7092534057
130.4955812688 0.7693696295 0.6992588289
130.4955812688 0.8975979010 0.6897323401
130.4955812688 1.0258261726 0.6817854223
130.4955812688 1.1540544442 0.6758978277
130.4955812688 1.2822827158 0.6714507908
130.4955812688 1.4105109873 0.6688578183
130.4955812688 1.5387392589 0.6679389406
130.4955812688 1.6669675305 0.6683273315
130.4955812688 1.7951958021 0.6701875925
130.4955812688 1.9234240736 0.6731685436
130.4955812688 2.0516523452 0.6784022352
130.4955812688 2.1798806168 0.6855353408
130.4955812688 2.3081088884 0.6942153664
130.4955812688 2.4363371599 0.7040538583
130.4955812688 2.5645654315 0.7138029771
130.4955812688 2.6927937031 0.7232230078
130.4955812688 2.8210219747 0.7304443221
130.4955812688 2.9492502462 0.7356516307
130.4955812688 3.0774785178 0.7382473023
130.4955812688 3.2057067894 0.7382473023
130.4955812688 3.3339350610 0.7356516307
130.4955812688 3.4621633325 0.7304443221
130.4955812688 3.5903916041 0.7232230078
130.4955812688 3.7186198757 0.7138029771
130.4955812688 3.8468481473 0.7040538583
130.4955812688 3.9750764188 0.6942153664
130.4955812688 4.1033046904 0.6855353408
130.4955812688 4.2315329620 0.6784022352
130.4955812688 4.3597612336 0.6731685436
130.4955812688 4.4879895051 0.6701875925
130.4955812688 4.6162177767 0.6683273315
130.4955812688 4.7444460483 0.6679389406
130.4955812688 4.8726743199 0.6688578183
130.4955812688 5.0009025914 0.6714507908
130.4955812688 5.1291308630 0.6758978277
130.4955812688 5.2573591346 0.6817854223
130.4955812688 5.3855874062 0.6897323401
130.4955812688 5.5138156777 0.6992588289
130.4955812688 5.6420439493 0.7092534057
130.4955812688 5.7702722209 0.7184418763
130.4955812688 5.8985004925 0.7269741933
130.4955812688 6.0267287640 0.7332119462
130.4955812688 6.1549570356 0.7372845250
130.4955812688 6.2831853072 0.7386583660
139.9031336236 0.0000000000 0.7482366084
139.9031336236 0.1282282716 0.7468917850
139.9031336236 0.2564565432 0.7428950217
139.9031336236 0.3846848147 0.7367764052
139.9031336236 0.5129130863 0.7284034952
139.9031336236 0.6411413579 0.7193795360
139.9031336236 0.7693696295 0.7095690419
139.9031336236 0.8975979010 0.7002111813
139.9031336236 1.0258261726 0.6924143835
139.9031336236 1.1540544442 0.6866514480
139.9031336236 1.2822827158 0.6822998587
139.9031336236 1.4105109873 0.6797635316
139.9031336236 1.5387392589 0.6788724659
139.9031336236 1.6669675305 0.6792518578
139.9031336236 1.7951958021 0.6810724051
139.9031336236 1.9234240736 0.6839755151
139.9031336236 2.0516523452 0.6891048343
139.9031336236 2.1798806168 0.6960957251
139.9031336236 2.3081088884 0.7046118216
139.9031336236 2.4363371599 0.7142739554
139.9031336236 2.5645654315 0.7238468773
139.9031336236 2.6927937031 0.7330959722
139.9031336236 2.8210219747 0.7401766755
139.9031336236 2.9492502462 0.7452866528
139.9031336236 3.0774785178 0.7478306564
139.9031336236 3.2057067894 0.7478306564
139.9031336236 3.3339350610 0.7452866528
139.9031336236 3.4621633325 0.7401766755
139.9031336236 3.5903916041 0.7330959722
139.9031336236 3.7186198757 0.7238468773
139.9031336236 3.8468481473 0.7142739554
139.9031336236 3.9750764188 0.7046118216
139.9031336236 4.1033046904 0.6960957251
139.9031336236 4.2315329620 0.6891048343
139.9031336236 4.3597612336 0.6839755151
139.9031336236 4.4879895051 0.6810724051
139.9031336236 4.6162177767 0.6792518578
139.9031336236 4.7444460483 0.6788724659
139.9031336236 4.8726743199 0.6797635316
139.9031336236 5.0009025914 0.6822998587
139.9031336236 5.1291308630 0.6866514480
139.9031336236 5.2573591346 0.6924143835
139.9031336236 5.3855874062 0.7002111813
139.9031336236 5.5138156777 0.7095690419
139.9031336236 5.6420439493 0.7193795360
139.9031336236 5.7702722209 0.7284034952
139.9031336236 5.8985004925 0.7367764052
139.9031336236 6.0267287640 0.7428950217
139.9031336236 6.1549570356 0.7468917850
139.9031336236 6.2831853072 0.7482366084
150.0000000000 0.0000000000 0.7574843049
150.0000000000 0.1282282716 0.7561697754
150.0000000000 0.2564565432 0.7522530082
150.0000000000 0.3846848147 0.7462576770
150.0000000000 0.5129130863 0.7380529187
150.0000000000 0.6411413579 0.7292035082
150.0000000000 0.7693696295 0.7195870575
150.0000000000 0.8975979010 0.7104063280
150.0000000000 1.0258261726 0.7027660415
150.0000000000 1.1540544442 0.6971297886
150.0000000000 1.2822827158 0.6928763614
150.0000000000 1.4105109873 0.6903973417
150.0000000000 1.5387392589 0.6895329910
150.0000000000 1.6669675305 0.6899029279
150.0000000000 1.7951958021 0.6916838178
150.0000000000 1.9234240736 0.6945089524
150.0000000000 2.0516523452 0.6995310643
150.0000000000 2.1798806168 0.7063757398
150.0000000000 2.3081088884 0.7147202420
150.0000000000 2.4363371599 0.7241966061
150.0000000000 2.5645654315 0.7335836974
150.0000000000 2.6927937031 0.7426520156
150.0000000000 2.8210219747 0.7495855082
150.0000000000 2.9492502462 0.7545948046
150.0000000000 3.0774785178 0.7570840168
150.0000000000 3.2057067894 0.7570840168
150.0000000000 3.3339350610 0.7545948046
150.0000000000 3.4621633325 0.7495855082
150.0000000000 3.5903916041 0.7426520156
150.0000000000 3.7186198757 0.7335836974
150.0000000000 3.8468481473 0.7241966061
150.0000000000 3.9750764188 0.7147202420
150.0000000000 4.1033046904 0.7063757398
150.0000000000 4.2315329620 0.6995310643
150.0000000000 4.3597612336 0.6945089524
150.0000000000 4.4879895051 0.6916838178
150.0000000000 4.6162177767 0.6899029279
150.0000000000 4.7444460483 0.6895329910
150.0000000000 4.8726743199 0.6903973417
150.0000000000 5.0009025914 0.6928763614
150.0000000000 5.1291308630 0.6971297886
150.0000000000 5.2573591346 0.7027660415
150.0000000000 5.3855874062 0.7104063280
150.0000000000 5.5138156777 0.7195870575
150.0000000000 5.6420439493 0.7292035082
150.0000000000 5.7702722209 0.7380529187
150.0000000000 5.8985004925 0.7462576770
150.0000000000 6.0267287640 0.7522530082
150.0000000000 6.1549570356 0.7561697754
150.0000000000 6.2831853072 0.7574843049
