collision_system: Pb+Pb
collision_energy: 5.02TeV
particle_type: Charm
centrality: 30-40%
xB = 0.4
average_path-lengths: 5.200829, 4.722707, 5.573215
average_temperatures: 0.215532, 0.213914, 0.218500
number_of_angles:      50
number_of_grid_points: 40, 40
--------------------------------------------------------
    pT [GeV]       phi          R_AA   
  5.0000000000 0.0000000000 0.3160018417
  5.0000000000 0.1282282716 0.3142442983
  5.0000000000 0.2564565432 0.3091775355
  5.0000000000 0.3846848147 0.3012991428
  5.0000000000 0.5129130863 0.2908616812
  5.0000000000 0.6411413579 0.2800543547
  5.0000000000 0.7693696295 0.2677294729
  5.0000000000 0.8975979010 0.2568258652
  5.0000000000 1.0258261726 0.2475073057
  5.0000000000 1.1540544442 0.2400614656
  5.0000000000 1.2822827158 0.2344263194
  5.0000000000 1.4105109873 0.2312370565
  5.0000000000 1.5387392589 0.2298529105
  5.0000000000 1.6669675305 0.2303740947
  5.0000000000 1.7951958021 0.2324145957
  5.0000000000 1.9234240736 0.2366990689
  5.0000000000 2.0516523452 0.2429256414
  5.0000000000 2.1798806168 0.2518396509
  5.0000000000 2.3081088884 0.2622335430
  5.0000000000 2.4363371599 0.2738205502
  5.0000000000 2.5645654315 0.2854510151
  5.0000000000 2.6927937031 0.2968226071
  5.0000000000 2.8210219747 0.3059663650
  5.0000000000 2.9492502462 0.3122448900
  5.0000000000 3.0774785178 0.3156841399
  5.0000000000 3.2057067894 0.3156841399
  5.0000000000 3.3339350610 0.3122448900
  5.0000000000 3.4621633325 0.3059663650
  5.0000000000 3.5903916041 0.2968226071
  5.0000000000 3.7186198757 0.2854510151
  5.0000000000 3.8468481473 0.2738205502
  5.0000000000 3.9750764188 0.2622335430
  5.0000000000 4.1033046904 0.2518396509
  5.0000000000 4.2315329620 0.2429256414
  5.0000000000 4.3597612336 0.2366990689
  5.0000000000 4.4879895051 0.2324145957
  5.0000000000 4.6162177767 0.2303740947
  5.0000000000 4.7444460483 0.2298529105
  5.0000000000 4.8726743199 0.2312370565
  5.0000000000 5.0009025914 0.2344263194
  5.0000000000 5.1291308630 0.2400614656
  5.0000000000 5.2573591346 0.2475073057
  5.0000000000 5.3855874062 0.2568258652
  5.0000000000 5.5138156777 0.2677294729
  5.0000000000 5.6420439493 0.2800543547
  5.0000000000 5.7702722209 0.2908616812
  5.0000000000 5.8985004925 0.3012991428
  5.0000000000 6.0267287640 0.3091775355
  5.0000000000 6.1549570356 0.3142442983
  5.0000000000 6.2831853072 0.3160018417
  8.1724137931 0.0000000000 0.2918582932
  8.1724137931 0.1282282716 0.2901416918
  8.1724137931 0.2564565432 0.2853201113
  8.1724137931 0.3846848147 0.2777149320
  8.1724137931 0.5129130863 0.2676939785
  8.1724137931 0.6411413579 0.2572709935
  8.1724137931 0.7693696295 0.2454080330
  8.1724137931 0.8975979010 0.2349271226
  8.1724137931 1.0258261726 0.2259087757
  8.1724137931 1.1540544442 0.2186629438
  8.1724137931 1.2822827158 0.2131806602
  8.1724137931 1.4105109873 0.2100368831
  8.1724137931 1.5387392589 0.2086303312
  8.1724137931 1.6669675305 0.2091438036
  8.1724137931 1.7951958021 0.2111771316
  8.1724137931 1.9234240736 0.2154238970
  8.1724137931 2.0516523452 0.2214975101
  8.1724137931 2.1798806168 0.2300949225
  8.1724137931 2.3081088884 0.2401442469
  8.1724137931 2.4363371599 0.2513058927
  8.1724137931 2.5645654315 0.2624780220
  8.1724137931 2.6927937031 0.2734116525
  8.1724137931 2.8210219747 0.2822027932
  8.1724137931 2.9492502462 0.2882215608
  8.1724137931 3.0774785178 0.2915657767
  8.1724137931 3.2057067894 0.2915657767
  8.1724137931 3.3339350610 0.2882215608
  8.1724137931 3.4621633325 0.2822027932
  8.1724137931 3.5903916041 0.2734116525
  8.1724137931 3.7186198757 0.2624780220
  8.1724137931 3.8468481473 0.2513058927
  8.1724137931 3.9750764188 0.2401442469
  8.1724137931 4.1033046904 0.2300949225
  8.1724137931 4.2315329620 0.2214975101
  8.1724137931 4.3597612336 0.2154238970
  8.1724137931 4.4879895051 0.2111771316
  8.1724137931 4.6162177767 0.2091438036
  8.1724137931 4.7444460483 0.2086303312
  8.1724137931 4.8726743199 0.2100368831
  8.1724137931 5.0009025914 0.2131806602
  8.1724137931 5.1291308630 0.2186629438
  8.1724137931 5.2573591346 0.2259087757
  8.1724137931 5.3855874062 0.2349271226
  8.1724137931 5.5138156777 0.2454080330
  8.1724137931 5.6420439493 0.2572709935
  8.1724137931 5.7702722209 0.2676939785
  8.1724137931 5.8985004925 0.2777149320
  8.1724137931 6.0267287640 0.2853201113
  8.1724137931 6.1549570356 0.2901416918
  8.1724137931 6.2831853072 0.2918582932
 11.3448275862 0.0000000000 0.3111120913
 11.3448275862 0.1282282716 0.3093356256
 11.3448275862 0.2564565432 0.3043158396
 11.3448275862 0.3846848147 0.2964251589
 11.3448275862 0.5129130863 0.2859736093
 11.3448275862 0.6411413579 0.2750651907
 11.3448275862 0.7693696295 0.2627437846
 11.3448275862 0.8975979010 0.2517460067
 11.3448275862 1.0258261726 0.2422892342
 11.3448275862 1.1540544442 0.2347501937
 11.3448275862 1.2822827158 0.2290395229
 11.3448275862 1.4105109873 0.2257555395
 11.3448275862 1.5387392589 0.2243002576
 11.3448275862 1.6669675305 0.2248292060
 11.3448275862 1.7951958021 0.2269969258
 11.3448275862 1.9234240736 0.2313795343
 11.3448275862 2.0516523452 0.2377447988
 11.3448275862 2.1798806168 0.2466716536
 11.3448275862 2.3081088884 0.2571841494
 11.3448275862 2.4363371599 0.2688353562
 11.3448275862 2.5645654315 0.2805169854
 11.3448275862 2.6927937031 0.2919157360
 11.3448275862 2.8210219747 0.3010575391
 11.3448275862 2.9492502462 0.3073583015
 11.3448275862 3.0774785178 0.3107894349
 11.3448275862 3.2057067894 0.3107894349
 11.3448275862 3.3339350610 0.3073583015
 11.3448275862 3.4621633325 0.3010575391
 11.3448275862 3.5903916041 0.2919157360
 11.3448275862 3.7186198757 0.2805169854
 11.3448275862 3.8468481473 0.2688353562
 11.3448275862 3.9750764188 0.2571841494
 11.3448275862 4.1033046904 0.2466716536
 11.3448275862 4.2315329620 0.2377447988
 11.3448275862 4.3597612336 0.2313795343
 11.3448275862 4.4879895051 0.2269969258
 11.3448275862 4.6162177767 0.2248292060
 11.3448275862 4.7444460483 0.2243002576
 11.3448275862 4.8726743199 0.2257555395
 11.3448275862 5.0009025914 0.2290395229
 11.3448275862 5.1291308630 0.2347501937
 11.3448275862 5.2573591346 0.2422892342
 11.3448275862 5.3855874062 0.2517460067
 11.3448275862 5.5138156777 0.2627437846
 11.3448275862 5.6420439493 0.2750651907
 11.3448275862 5.7702722209 0.2859736093
 11.3448275862 5.8985004925 0.2964251589
 11.3448275862 6.0267287640 0.3043158396
 11.3448275862 6.1549570356 0.3093356256
 11.3448275862 6.2831853072 0.3111120913
 14.5172413793 0.0000000000 0.3387199152
 14.5172413793 0.1282282716 0.3368540399
 14.5172413793 0.2564565432 0.3316024918
 14.5172413793 0.3846848147 0.3233916849
 14.5172413793 0.5129130863 0.3124297654
 14.5172413793 0.6411413579 0.3009759926
 14.5172413793 0.7693696295 0.2881140307
 14.5172413793 0.8975979010 0.2765299123
 14.5172413793 1.0258261726 0.2665787078
 14.5172413793 1.1540544442 0.2587227133
 14.5172413793 1.2822827158 0.2527697497
 14.5172413793 1.4105109873 0.2493343271
 14.5172413793 1.5387392589 0.2478413068
 14.5172413793 1.6669675305 0.2483860353
 14.5172413793 1.7951958021 0.2506859210
 14.5172413793 1.9234240736 0.2552111872
 14.5172413793 2.0516523452 0.2618782356
 14.5172413793 2.1798806168 0.2711887938
 14.5172413793 2.3081088884 0.2822162405
 14.5172413793 2.4363371599 0.2944435879
 14.5172413793 2.5645654315 0.3066949643
 14.5172413793 2.6927937031 0.3186395857
 14.5172413793 2.8210219747 0.3281792185
 14.5172413793 2.9492502462 0.3347930978
 14.5172413793 3.0774785178 0.3383539774
 14.5172413793 3.2057067894 0.3383539774
 14.5172413793 3.3339350610 0.3347930978
 14.5172413793 3.4621633325 0.3281792185
 14.5172413793 3.5903916041 0.3186395857
 14.5172413793 3.7186198757 0.3066949643
 14.5172413793 3.8468481473 0.2944435879
 14.5172413793 3.9750764188 0.2822162405
 14.5172413793 4.1033046904 0.2711887938
 14.5172413793 4.2315329620 0.2618782356
 14.5172413793 4.3597612336 0.2552111872
 14.5172413793 4.4879895051 0.2506859210
 14.5172413793 4.6162177767 0.2483860353
 14.5172413793 4.7444460483 0.2478413068
 14.5172413793 4.8726743199 0.2493343271
 14.5172413793 5.0009025914 0.2527697497
 14.5172413793 5.1291308630 0.2587227133
 14.5172413793 5.2573591346 0.2665787078
 14.5172413793 5.3855874062 0.2765299123
 14.5172413793 5.5138156777 0.2881140307
 14.5172413793 5.6420439493 0.3009759926
 14.5172413793 5.7702722209 0.3124297654
 14.5172413793 5.8985004925 0.3233916849
 14.5172413793 6.0267287640 0.3316024918
 14.5172413793 6.1549570356 0.3368540399
 14.5172413793 6.2831853072 0.3387199152
 17.6896551724 0.0000000000 0.3683785631
 17.6896551724 0.1282282716 0.3664363779
 17.6896551724 0.2564565432 0.3609760779
 17.6896551724 0.3846848147 0.3524697318
 17.6896551724 0.5129130863 0.3410530417
 17.6896551724 0.6411413579 0.3291007805
 17.6896551724 0.7693696295 0.3157555811
 17.6896551724 0.8975979010 0.3036264437
 17.6896551724 1.0258261726 0.2932345982
 17.6896551724 1.1540544442 0.2851063436
 17.6896551724 1.2822827158 0.2789398205
 17.6896551724 1.4105109873 0.2753755265
 17.6896551724 1.5387392589 0.2738540323
 17.6896551724 1.6669675305 0.2744104507
 17.6896551724 1.7951958021 0.2768321599
 17.6896551724 1.9234240736 0.2814631043
 17.6896551724 2.0516523452 0.2883994737
 17.6896551724 2.1798806168 0.2980487856
 17.6896551724 2.3081088884 0.3095406301
 17.6896551724 2.4363371599 0.3222916360
 17.6896551724 2.5645654315 0.3350581144
 17.6896551724 2.6927937031 0.3475001700
 17.6896551724 2.8210219747 0.3573979177
 17.6896551724 2.9492502462 0.3643056871
 17.6896551724 3.0774785178 0.3679709050
 17.6896551724 3.2057067894 0.3679709050
 17.6896551724 3.3339350610 0.3643056871
 17.6896551724 3.4621633325 0.3573979177
 17.6896551724 3.5903916041 0.3475001700
 17.6896551724 3.7186198757 0.3350581144
 17.6896551724 3.8468481473 0.3222916360
 17.6896551724 3.9750764188 0.3095406301
 17.6896551724 4.1033046904 0.2980487856
 17.6896551724 4.2315329620 0.2883994737
 17.6896551724 4.3597612336 0.2814631043
 17.6896551724 4.4879895051 0.2768321599
 17.6896551724 4.6162177767 0.2744104507
 17.6896551724 4.7444460483 0.2738540323
 17.6896551724 4.8726743199 0.2753755265
 17.6896551724 5.0009025914 0.2789398205
 17.6896551724 5.1291308630 0.2851063436
 17.6896551724 5.2573591346 0.2932345982
 17.6896551724 5.3855874062 0.3036264437
 17.6896551724 5.5138156777 0.3157555811
 17.6896551724 5.6420439493 0.3291007805
 17.6896551724 5.7702722209 0.3410530417
 17.6896551724 5.8985004925 0.3524697318
 17.6896551724 6.0267287640 0.3609760779
 17.6896551724 6.1549570356 0.3664363779
 17.6896551724 6.2831853072 0.3683785631
 20.8620689655 0.0000000000 0.3972789941
 20.8620689655 0.1282282716 0.3952780290
 20.8620689655 0.2564565432 0.3896614471
 20.8620689655 0.3846848147 0.3809259735
 20.8620689655 0.5129130863 0.3691708135
 20.8620689655 0.6411413579 0.3568259776
 20.8620689655 0.7693696295 0.3431096703
 20.8620689655 0.8975979010 0.3305511364
 20.8620689655 1.0258261726 0.3198241883
 20.8620689655 1.1540544442 0.3114800135
 20.8620689655 1.2822827158 0.3051578208
 20.8620689655 1.4105109873 0.3014996838
 20.8620689655 1.5387392589 0.2999614448
 20.8620689655 1.6669675305 0.3005297790
 20.8620689655 1.7951958021 0.3030392659
 20.8620689655 1.9234240736 0.3077354232
 20.8620689655 2.0516523452 0.3148820369
 20.8620689655 2.1798806168 0.3247974169
 20.8620689655 2.3081088884 0.3366412473
 20.8620689655 2.4363371599 0.3498044595
 20.8620689655 2.5645654315 0.3629710139
 20.8620689655 2.6927937031 0.3757925998
 20.8620689655 2.8210219747 0.3859625868
 20.8620689655 2.9492502462 0.3930926908
 20.8620689655 3.0774785178 0.3968366038
 20.8620689655 3.2057067894 0.3968366038
 20.8620689655 3.3339350610 0.3930926908
 20.8620689655 3.4621633325 0.3859625868
 20.8620689655 3.5903916041 0.3757925998
 20.8620689655 3.7186198757 0.3629710139
 20.8620689655 3.8468481473 0.3498044595
 20.8620689655 3.9750764188 0.3366412473
 20.8620689655 4.1033046904 0.3247974169
 20.8620689655 4.2315329620 0.3148820369
 20.8620689655 4.3597612336 0.3077354232
 20.8620689655 4.4879895051 0.3030392659
 20.8620689655 4.6162177767 0.3005297790
 20.8620689655 4.7444460483 0.2999614448
 20.8620689655 4.8726743199 0.3014996838
 20.8620689655 5.0009025914 0.3051578208
 20.8620689655 5.1291308630 0.3114800135
 20.8620689655 5.2573591346 0.3198241883
 20.8620689655 5.3855874062 0.3305511364
 20.8620689655 5.5138156777 0.3431096703
 20.8620689655 5.6420439493 0.3568259776
 20.8620689655 5.7702722209 0.3691708135
 20.8620689655 5.8985004925 0.3809259735
 20.8620689655 6.0267287640 0.3896614471
 20.8620689655 6.1549570356 0.3952780290
 20.8620689655 6.2831853072 0.3972789941
 24.0344827586 0.0000000000 0.4237118012
 24.0344827586 0.1282282716 0.4216850430
 24.0344827586 0.2564565432 0.4159631636
 24.0344827586 0.3846848147 0.4070950239
 24.0344827586 0.5129130863 0.3951230196
 24.0344827586 0.6411413579 0.3825170997
 24.0344827586 0.7693696295 0.3685607493
 24.0344827586 0.8975979010 0.3557113062
 24.0344827586 1.0258261726 0.3447660547
 24.0344827586 1.1540544442 0.3362889484
 24.0344827586 1.2822827158 0.3298745343
 24.0344827586 1.4105109873 0.3261689723
 24.0344827586 1.5387392589 0.3246319493
 24.0344827586 1.6669675305 0.3252081941
 24.0344827586 1.7951958021 0.3277659964
 24.0344827586 1.9234240736 0.3324817199
 24.0344827586 2.0516523452 0.3397588052
 24.0344827586 2.1798806168 0.3498457322
 24.0344827586 2.3081088884 0.3619139995
 24.0344827586 2.4363371599 0.3753565036
 24.0344827586 2.5645654315 0.3887860227
 24.0344827586 2.6927937031 0.4018534533
 24.0344827586 2.8210219747 0.4121930727
 24.0344827586 2.9492502462 0.4194598823
 24.0344827586 3.0774785178 0.4232469933
 24.0344827586 3.2057067894 0.4232469933
 24.0344827586 3.3339350610 0.4194598823
 24.0344827586 3.4621633325 0.4121930727
 24.0344827586 3.5903916041 0.4018534533
 24.0344827586 3.7186198757 0.3887860227
 24.0344827586 3.8468481473 0.3753565036
 24.0344827586 3.9750764188 0.3619139995
 24.0344827586 4.1033046904 0.3498457322
 24.0344827586 4.2315329620 0.3397588052
 24.0344827586 4.3597612336 0.3324817199
 24.0344827586 4.4879895051 0.3277659964
 24.0344827586 4.6162177767 0.3252081941
 24.0344827586 4.7444460483 0.3246319493
 24.0344827586 4.8726743199 0.3261689723
 24.0344827586 5.0009025914 0.3298745343
 24.0344827586 5.1291308630 0.3362889484
 24.0344827586 5.2573591346 0.3447660547
 24.0344827586 5.3855874062 0.3557113062
 24.0344827586 5.5138156777 0.3685607493
 24.0344827586 5.6420439493 0.3825170997
 24.0344827586 5.7702722209 0.3951230196
 24.0344827586 5.8985004925 0.4070950239
 24.0344827586 6.0267287640 0.4159631636
 24.0344827586 6.1549570356 0.4216850430
 24.0344827586 6.2831853072 0.4237118012
 27.2068965517 0.0000000000 0.4448649885
 27.2068965517 0.1282282716 0.4428341718
 27.2068965517 0.2564565432 0.4370875306
 27.2068965517 0.3846848147 0.4281988030
 27.2068965517 0.5129130863 0.4161645775
 27.2068965517 0.6411413579 0.4034701584
 27.2068965517 0.7693696295 0.3894523577
 27.2068965517 0.8975979010 0.3764985144
 27.2068965517 1.0258261726 0.3654791805
 27.2068965517 1.1540544442 0.3569908249
 27.2068965517 1.2822827158 0.3505639368
 27.2068965517 1.4105109873 0.3468519506
 27.2068965517 1.5387392589 0.3453273951
 27.2068965517 1.6669675305 0.3459051443
 27.2068965517 1.7951958021 0.3484822081
 27.2068965517 1.9234240736 0.3531701776
 27.2068965517 2.0516523452 0.3604841893
 27.2068965517 2.1798806168 0.3705966083
 27.2068965517 2.3081088884 0.3827298677
 27.2068965517 2.4363371599 0.3962653172
 27.2068965517 2.5645654315 0.4097806021
 27.2068965517 2.6927937031 0.4229207126
 27.2068965517 2.8210219747 0.4332916773
 27.2068965517 2.9492502462 0.4405940763
 27.2068965517 3.0774785178 0.4443875821
 27.2068965517 3.2057067894 0.4443875821
 27.2068965517 3.3339350610 0.4405940763
 27.2068965517 3.4621633325 0.4332916773
 27.2068965517 3.5903916041 0.4229207126
 27.2068965517 3.7186198757 0.4097806021
 27.2068965517 3.8468481473 0.3962653172
 27.2068965517 3.9750764188 0.3827298677
 27.2068965517 4.1033046904 0.3705966083
 27.2068965517 4.2315329620 0.3604841893
 27.2068965517 4.3597612336 0.3531701776
 27.2068965517 4.4879895051 0.3484822081
 27.2068965517 4.6162177767 0.3459051443
 27.2068965517 4.7444460483 0.3453273951
 27.2068965517 4.8726743199 0.3468519506
 27.2068965517 5.0009025914 0.3505639368
 27.2068965517 5.1291308630 0.3569908249
 27.2068965517 5.2573591346 0.3654791805
 27.2068965517 5.3855874062 0.3764985144
 27.2068965517 5.5138156777 0.3894523577
 27.2068965517 5.6420439493 0.4034701584
 27.2068965517 5.7702722209 0.4161645775
 27.2068965517 5.8985004925 0.4281988030
 27.2068965517 6.0267287640 0.4370875306
 27.2068965517 6.1549570356 0.4428341718
 27.2068965517 6.2831853072 0.4448649885
 30.3793103448 0.0000000000 0.4660931933
 30.3793103448 0.1282282716 0.4640626255
 30.3793103448 0.2564565432 0.4583040682
 30.3793103448 0.3846848147 0.4494135574
 30.3793103448 0.5129130863 0.4373512280
 30.3793103448 0.6411413579 0.4246125268
 30.3793103448 0.7693696295 0.4105686068
 30.3793103448 0.8975979010 0.3975453244
 30.3793103448 1.0258261726 0.3864861634
 30.3793103448 1.1540544442 0.3780101173
 30.3793103448 1.2822827158 0.3715954313
 30.3793103448 1.4105109873 0.3678860345
 30.3793103448 1.5387392589 0.3663817203
 30.3793103448 1.6669675305 0.3669561947
 30.3793103448 1.7951958021 0.3695446884
 30.3793103448 1.9234240736 0.3741883754
 30.3793103448 2.0516523452 0.3815124798
 30.3793103448 2.1798806168 0.3916286799
 30.3793103448 2.3081088884 0.4037888917
 30.3793103448 2.4363371599 0.4173792729
 30.3793103448 2.5645654315 0.4309406159
 30.3793103448 2.6927937031 0.4441197827
 30.3793103448 2.8210219747 0.4544916455
 30.3793103448 2.9492502462 0.4618139994
 30.3793103448 3.0774785178 0.4656022592
 30.3793103448 3.2057067894 0.4656022592
 30.3793103448 3.3339350610 0.4618139994
 30.3793103448 3.4621633325 0.4544916455
 30.3793103448 3.5903916041 0.4441197827
 30.3793103448 3.7186198757 0.4309406159
 30.3793103448 3.8468481473 0.4173792729
 30.3793103448 3.9750764188 0.4037888917
 30.3793103448 4.1033046904 0.3916286799
 30.3793103448 4.2315329620 0.3815124798
 30.3793103448 4.3597612336 0.3741883754
 30.3793103448 4.4879895051 0.3695446884
 30.3793103448 4.6162177767 0.3669561947
 30.3793103448 4.7444460483 0.3663817203
 30.3793103448 4.8726743199 0.3678860345
 30.3793103448 5.0009025914 0.3715954313
 30.3793103448 5.1291308630 0.3780101173
 30.3793103448 5.2573591346 0.3864861634
 30.3793103448 5.3855874062 0.3975453244
 30.3793103448 5.5138156777 0.4105686068
 30.3793103448 5.6420439493 0.4246125268
 30.3793103448 5.7702722209 0.4373512280
 30.3793103448 5.8985004925 0.4494135574
 30.3793103448 6.0267287640 0.4583040682
 30.3793103448 6.1549570356 0.4640626255
 30.3793103448 6.2831853072 0.4660931933
 33.5517241379 0.0000000000 0.4859275221
 33.5517241379 0.1282282716 0.4839021874
 33.5517241379 0.2564565432 0.4781453155
 33.5517241379 0.3846848147 0.4692594994
 33.5517241379 0.5129130863 0.4571924599
 33.5517241379 0.6411413579 0.4444266495
 33.5517241379 0.7693696295 0.4303831519
 33.5517241379 0.8975979010 0.4173109517
 33.5517241379 1.0258261726 0.4062371178
 33.5517241379 1.1540544442 0.3977762461
 33.5517241379 1.2822827158 0.3913770038
 33.5517241379 1.4105109873 0.3876778709
 33.5517241379 1.5387392589 0.3861910401
 33.5517241379 1.6669675305 0.3867624212
 33.5517241379 1.7951958021 0.3893570356
 33.5517241379 1.9234240736 0.3939546084
 33.5517241379 2.0516523452 0.4012820480
 33.5517241379 2.1798806168 0.4113919008
 33.5517241379 2.3081088884 0.4235621484
 33.5517241379 2.4363371599 0.4371823448
 33.5517241379 2.5645654315 0.4507643095
 33.5517241379 2.6927937031 0.4639577936
 33.5517241379 2.8210219747 0.4743216479
 33.5517241379 2.9492502462 0.4816539547
 33.5517241379 3.0774785178 0.4854240068
 33.5517241379 3.2057067894 0.4854240068
 33.5517241379 3.3339350610 0.4816539547
 33.5517241379 3.4621633325 0.4743216479
 33.5517241379 3.5903916041 0.4639577936
 33.5517241379 3.7186198757 0.4507643095
 33.5517241379 3.8468481473 0.4371823448
 33.5517241379 3.9750764188 0.4235621484
 33.5517241379 4.1033046904 0.4113919008
 33.5517241379 4.2315329620 0.4012820480
 33.5517241379 4.3597612336 0.3939546084
 33.5517241379 4.4879895051 0.3893570356
 33.5517241379 4.6162177767 0.3867624212
 33.5517241379 4.7444460483 0.3861910401
 33.5517241379 4.8726743199 0.3876778709
 33.5517241379 5.0009025914 0.3913770038
 33.5517241379 5.1291308630 0.3977762461
 33.5517241379 5.2573591346 0.4062371178
 33.5517241379 5.3855874062 0.4173109517
 33.5517241379 5.5138156777 0.4303831519
 33.5517241379 5.6420439493 0.4444266495
 33.5517241379 5.7702722209 0.4571924599
 33.5517241379 5.8985004925 0.4692594994
 33.5517241379 6.0267287640 0.4781453155
 33.5517241379 6.1549570356 0.4839021874
 33.5517241379 6.2831853072 0.4859275221
 36.7241379310 0.0000000000 0.5043582798
 36.7241379310 0.1282282716 0.5023443506
 36.7241379310 0.2564565432 0.4966022190
 36.7241379310 0.3846848147 0.4877488576
 36.7241379310 0.5129130863 0.4757088288
 36.7241379310 0.6411413579 0.4629490579
 36.7241379310 0.7693696295 0.4489397894
 36.7241379310 0.8975979010 0.4358645384
 36.7241379310 1.0258261726 0.4248046731
 36.7241379310 1.1540544442 0.4163788724
 36.7241379310 1.2822827158 0.4100073725
 36.7241379310 1.4105109873 0.4063234358
 36.7241379310 1.5387392589 0.4048567086
 36.7241379310 1.6669675305 0.4054264152
 36.7241379310 1.7951958021 0.4080168164
 36.7241379310 1.9234240736 0.4125681214
 36.7241379310 2.0516523452 0.4198810237
 36.7241379310 2.1798806168 0.4299565144
 36.7241379310 2.3081088884 0.4421057288
 36.7241379310 2.4363371599 0.4557163938
 36.7241379310 2.5645654315 0.4692833782
 36.7241379310 2.6927937031 0.4824543513
 36.7241379310 2.8210219747 0.4927822356
 36.7241379310 2.9492502462 0.5000980875
 36.7241379310 3.0774785178 0.5038493417
 36.7241379310 3.2057067894 0.5038493417
 36.7241379310 3.3339350610 0.5000980875
 36.7241379310 3.4621633325 0.4927822356
 36.7241379310 3.5903916041 0.4824543513
 36.7241379310 3.7186198757 0.4692833782
 36.7241379310 3.8468481473 0.4557163938
 36.7241379310 3.9750764188 0.4421057288
 36.7241379310 4.1033046904 0.4299565144
 36.7241379310 4.2315329620 0.4198810237
 36.7241379310 4.3597612336 0.4125681214
 36.7241379310 4.4879895051 0.4080168164
 36.7241379310 4.6162177767 0.4054264152
 36.7241379310 4.7444460483 0.4048567086
 36.7241379310 4.8726743199 0.4063234358
 36.7241379310 5.0009025914 0.4100073725
 36.7241379310 5.1291308630 0.4163788724
 36.7241379310 5.2573591346 0.4248046731
 36.7241379310 5.3855874062 0.4358645384
 36.7241379310 5.5138156777 0.4489397894
 36.7241379310 5.6420439493 0.4629490579
 36.7241379310 5.7702722209 0.4757088288
 36.7241379310 5.8985004925 0.4877488576
 36.7241379310 6.0267287640 0.4966022190
 36.7241379310 6.1549570356 0.5023443506
 36.7241379310 6.2831853072 0.5043582798
 39.8965517241 0.0000000000 0.5220288781
 39.8965517241 0.1282282716 0.5200288743
 39.8965517241 0.2564565432 0.5143146623
 39.8965517241 0.3846848147 0.5055178877
 39.8965517241 0.5129130863 0.4935377815
 39.8965517241 0.6411413579 0.4808266492
 39.8965517241 0.7693696295 0.4668822462
 39.8965517241 0.8975979010 0.4538471938
 39.8965517241 1.0258261726 0.4428290636
 39.8965517241 1.1540544442 0.4344643067
 39.8965517241 1.2822827158 0.4281383557
 39.8965517241 1.4105109873 0.4244789731
 39.8965517241 1.5387392589 0.4230363994
 39.8965517241 1.6669675305 0.4236009009
 39.8965517241 1.7951958021 0.4261795289
 39.8965517241 1.9234240736 0.4306734807
 39.8965517241 2.0516523452 0.4379498385
 39.8965517241 2.1798806168 0.4479664908
 39.8965517241 2.3081088884 0.4600570436
 39.8965517241 2.4363371599 0.4736196953
 39.8965517241 2.5645654315 0.4871342134
 39.8965517241 2.6927937031 0.5002471556
 39.8965517241 2.8210219747 0.5105087594
 39.8965517241 2.9492502462 0.5177879850
 39.8965517241 3.0774785178 0.5215147333
 39.8965517241 3.2057067894 0.5215147333
 39.8965517241 3.3339350610 0.5177879850
 39.8965517241 3.4621633325 0.5105087594
 39.8965517241 3.5903916041 0.5002471556
 39.8965517241 3.7186198757 0.4871342134
 39.8965517241 3.8468481473 0.4736196953
 39.8965517241 3.9750764188 0.4600570436
 39.8965517241 4.1033046904 0.4479664908
 39.8965517241 4.2315329620 0.4379498385
 39.8965517241 4.3597612336 0.4306734807
 39.8965517241 4.4879895051 0.4261795289
 39.8965517241 4.6162177767 0.4236009009
 39.8965517241 4.7444460483 0.4230363994
 39.8965517241 4.8726743199 0.4244789731
 39.8965517241 5.0009025914 0.4281383557
 39.8965517241 5.1291308630 0.4344643067
 39.8965517241 5.2573591346 0.4428290636
 39.8965517241 5.3855874062 0.4538471938
 39.8965517241 5.5138156777 0.4668822462
 39.8965517241 5.6420439493 0.4808266492
 39.8965517241 5.7702722209 0.4935377815
 39.8965517241 5.8985004925 0.5055178877
 39.8965517241 6.0267287640 0.5143146623
 39.8965517241 6.1549570356 0.5200288743
 39.8965517241 6.2831853072 0.5220288781
 43.0689655172 0.0000000000 0.5378750019
 43.0689655172 0.1282282716 0.5358970592
 43.0689655172 0.2564565432 0.5302290141
 43.0689655172 0.3846848147 0.5215044602
 43.0689655172 0.5129130863 0.5096223068
 43.0689655172 0.6411413579 0.4969971426
 43.0689655172 0.7693696295 0.4831612171
 43.0689655172 0.8975979010 0.4701988228
 43.0689655172 1.0258261726 0.4592589803
 43.0689655172 1.1540544442 0.4509732905
 43.0689655172 1.2822827158 0.4447121854
 43.0689655172 1.4105109873 0.4410892281
 43.0689655172 1.5387392589 0.4396729438
 43.0689655172 1.6669675305 0.4402304662
 43.0689655172 1.7951958021 0.4427899426
 43.0689655172 1.9234240736 0.4472118719
 43.0689655172 2.0516523452 0.4544314425
 43.0689655172 2.1798806168 0.4643661458
 43.0689655172 2.3081088884 0.4763626056
 43.0689655172 2.4363371599 0.4898385841
 43.0689655172 2.5645654315 0.5032591342
 43.0689655172 2.6927937031 0.5162759767
 43.0689655172 2.8210219747 0.5264440036
 43.0689655172 2.9492502462 0.5336712280
 43.0689655172 3.0774785178 0.5373580642
 43.0689655172 3.2057067894 0.5373580642
 43.0689655172 3.3339350610 0.5336712280
 43.0689655172 3.4621633325 0.5264440036
 43.0689655172 3.5903916041 0.5162759767
 43.0689655172 3.7186198757 0.5032591342
 43.0689655172 3.8468481473 0.4898385841
 43.0689655172 3.9750764188 0.4763626056
 43.0689655172 4.1033046904 0.4643661458
 43.0689655172 4.2315329620 0.4544314425
 43.0689655172 4.3597612336 0.4472118719
 43.0689655172 4.4879895051 0.4427899426
 43.0689655172 4.6162177767 0.4402304662
 43.0689655172 4.7444460483 0.4396729438
 43.0689655172 4.8726743199 0.4410892281
 43.0689655172 5.0009025914 0.4447121854
 43.0689655172 5.1291308630 0.4509732905
 43.0689655172 5.2573591346 0.4592589803
 43.0689655172 5.3855874062 0.4701988228
 43.0689655172 5.5138156777 0.4831612171
 43.0689655172 5.6420439493 0.4969971426
 43.0689655172 5.7702722209 0.5096223068
 43.0689655172 5.8985004925 0.5215044602
 43.0689655172 6.0267287640 0.5302290141
 43.0689655172 6.1549570356 0.5358970592
 43.0689655172 6.2831853072 0.5378750019
 46.2445303676 0.0000000000 0.5519649511
 46.2445303676 0.1282282716 0.5500128657
 46.2445303676 0.2564565432 0.5444016116
 46.2445303676 0.3846848147 0.5357656582
 46.2445303676 0.5129130863 0.5239976420
 46.2445303676 0.6411413579 0.5114780364
 46.2445303676 0.7693696295 0.4977740858
 46.2445303676 0.8975979010 0.4849086646
 46.2445303676 1.0258261726 0.4740686868
 46.2445303676 1.1540544442 0.4658750533
 46.2445303676 1.2822827158 0.4596866598
 46.2445303676 1.4105109873 0.4561052767
 46.2445303676 1.5387392589 0.4547154441
 46.2445303676 1.6669675305 0.4552666246
 46.2445303676 1.7951958021 0.4578012733
 46.2445303676 1.9234240736 0.4621514918
 46.2445303676 2.0516523452 0.4693012130
 46.2445303676 2.1798806168 0.4791341714
 46.2445303676 2.3081088884 0.4910188040
 46.2445303676 2.4363371599 0.5043839062
 46.2445303676 2.5645654315 0.5176875552
 46.2445303676 2.6927937031 0.5305862961
 46.2445303676 2.8210219747 0.5406471041
 46.2445303676 2.9492502462 0.5478052544
 46.2445303676 3.0774785178 0.5514485379
 46.2445303676 3.2057067894 0.5514485379
 46.2445303676 3.3339350610 0.5478052544
 46.2445303676 3.4621633325 0.5406471041
 46.2445303676 3.5903916041 0.5305862961
 46.2445303676 3.7186198757 0.5176875552
 46.2445303676 3.8468481473 0.5043839062
 46.2445303676 3.9750764188 0.4910188040
 46.2445303676 4.1033046904 0.4791341714
 46.2445303676 4.2315329620 0.4693012130
 46.2445303676 4.3597612336 0.4621514918
 46.2445303676 4.4879895051 0.4578012733
 46.2445303676 4.6162177767 0.4552666246
 46.2445303676 4.7444460483 0.4547154441
 46.2445303676 4.8726743199 0.4561052767
 46.2445303676 5.0009025914 0.4596866598
 46.2445303676 5.1291308630 0.4658750533
 46.2445303676 5.2573591346 0.4740686868
 46.2445303676 5.3855874062 0.4849086646
 46.2445303676 5.5138156777 0.4977740858
 46.2445303676 5.6420439493 0.5114780364
 46.2445303676 5.7702722209 0.5239976420
 46.2445303676 5.8985004925 0.5357656582
 46.2445303676 6.0267287640 0.5444016116
 46.2445303676 6.1549570356 0.5500128657
 46.2445303676 6.2831853072 0.5519649511
 49.4201860960 0.0000000000 0.5657333951
 49.4201860960 0.1282282716 0.5638043025
 49.4201860960 0.2564565432 0.5582414722
 49.4201860960 0.3846848147 0.5496892709
 49.4201860960 0.5129130863 0.5380231814
 49.4201860960 0.6411413579 0.5255959392
 49.4201860960 0.7693696295 0.5120076583
 49.4201860960 0.8975979010 0.4992304071
 49.4201860960 1.0258261726 0.4884767192
 49.4201860960 1.1540544442 0.4803690353
 49.4201860960 1.2822827158 0.4742446172
 49.4201860960 1.4105109873 0.4707004141
 49.4201860960 1.5387392589 0.4693354587
 49.4201860960 1.6669675305 0.4698810238
 49.4201860960 1.7951958021 0.4723935331
 49.4201860960 1.9234240736 0.4766783572
 49.4201860960 2.0516523452 0.4837662921
 49.4201860960 2.1798806168 0.4935048409
 49.4201860960 2.3081088884 0.5052903954
 49.4201860960 2.4363371599 0.5185570361
 49.4201860960 2.5645654315 0.5317593068
 49.4201860960 2.6927937031 0.5445533133
 49.4201860960 2.8210219747 0.5545159366
 49.4201860960 2.9492502462 0.5616115424
 49.4201860960 3.0774785178 0.5652175824
 49.4201860960 3.2057067894 0.5652175824
 49.4201860960 3.3339350610 0.5616115424
 49.4201860960 3.4621633325 0.5545159366
 49.4201860960 3.5903916041 0.5445533133
 49.4201860960 3.7186198757 0.5317593068
 49.4201860960 3.8468481473 0.5185570361
 49.4201860960 3.9750764188 0.5052903954
 49.4201860960 4.1033046904 0.4935048409
 49.4201860960 4.2315329620 0.4837662921
 49.4201860960 4.3597612336 0.4766783572
 49.4201860960 4.4879895051 0.4723935331
 49.4201860960 4.6162177767 0.4698810238
 49.4201860960 4.7444460483 0.4693354587
 49.4201860960 4.8726743199 0.4707004141
 49.4201860960 5.0009025914 0.4742446172
 49.4201860960 5.1291308630 0.4803690353
 49.4201860960 5.2573591346 0.4884767192
 49.4201860960 5.3855874062 0.4992304071
 49.4201860960 5.5138156777 0.5120076583
 49.4201860960 5.6420439493 0.5255959392
 49.4201860960 5.7702722209 0.5380231814
 49.4201860960 5.8985004925 0.5496892709
 49.4201860960 6.0267287640 0.5582414722
 49.4201860960 6.1549570356 0.5638043025
 49.4201860960 6.2831853072 0.5657333951
 52.8287871326 0.0000000000 0.5804049253
 52.8287871326 0.1282282716 0.5784960305
 52.8287871326 0.2564565432 0.5729817689
 52.8287871326 0.3846848147 0.5645053048
 52.8287871326 0.5129130863 0.5529398050
 52.8287871326 0.6411413579 0.5406074228
 52.8287871326 0.7693696295 0.5271336037
 52.8287871326 0.8975979010 0.5144428531
 52.8287871326 1.0258261726 0.5037706018
 52.8287871326 1.1540544442 0.4957452514
 52.8287871326 1.2822827158 0.4896837737
 52.8287871326 1.4105109873 0.4861730229
 52.8287871326 1.5387392589 0.4848322263
 52.8287871326 1.6669675305 0.4853704215
 52.8287871326 1.7951958021 0.4878648376
 52.8287871326 1.9234240736 0.4920855719
 52.8287871326 2.0516523452 0.4991152341
 52.8287871326 2.1798806168 0.5087640205
 52.8287871326 2.3081088884 0.5204525807
 52.8287871326 2.4363371599 0.5336213282
 52.8287871326 2.5645654315 0.5467207545
 52.8287871326 2.6927937031 0.5594125872
 52.8287871326 2.8210219747 0.5692797403
 52.8287871326 2.9492502462 0.5763199208
 52.8287871326 3.0774785178 0.5798877747
 52.8287871326 3.2057067894 0.5798877747
 52.8287871326 3.3339350610 0.5763199208
 52.8287871326 3.4621633325 0.5692797403
 52.8287871326 3.5903916041 0.5594125872
 52.8287871326 3.7186198757 0.5467207545
 52.8287871326 3.8468481473 0.5336213282
 52.8287871326 3.9750764188 0.5204525807
 52.8287871326 4.1033046904 0.5087640205
 52.8287871326 4.2315329620 0.4991152341
 52.8287871326 4.3597612336 0.4920855719
 52.8287871326 4.4879895051 0.4878648376
 52.8287871326 4.6162177767 0.4853704215
 52.8287871326 4.7444460483 0.4848322263
 52.8287871326 4.8726743199 0.4861730229
 52.8287871326 5.0009025914 0.4896837737
 52.8287871326 5.1291308630 0.4957452514
 52.8287871326 5.2573591346 0.5037706018
 52.8287871326 5.3855874062 0.5144428531
 52.8287871326 5.5138156777 0.5271336037
 52.8287871326 5.6420439493 0.5406074228
 52.8287871326 5.7702722209 0.5529398050
 52.8287871326 5.8985004925 0.5645053048
 52.8287871326 6.0267287640 0.5729817689
 52.8287871326 6.1549570356 0.5784960305
 52.8287871326 6.2831853072 0.5804049253
 56.4139685196 0.0000000000 0.5930073757
 56.4139685196 0.1282282716 0.5911325675
 56.4139685196 0.2564565432 0.5857005140
 56.4139685196 0.3846848147 0.5773565657
 56.4139685196 0.5129130863 0.5659639566
 56.4139685196 0.6411413579 0.5538033066
 56.4139685196 0.7693696295 0.5405260437
 56.4139685196 0.8975979010 0.5280053190
 56.4139685196 1.0258261726 0.5174892914
 56.4139685196 1.1540544442 0.5095930904
 56.4139685196 1.2822827158 0.5036311046
 56.4139685196 1.4105109873 0.5001789564
 56.4139685196 1.5387392589 0.4988691893
 56.4139685196 1.6669675305 0.4993984409
 56.4139685196 1.7951958021 0.5018529016
 56.4139685196 1.9234240736 0.5059883586
 56.4139685196 2.0516523452 0.5129118517
 56.4139685196 2.1798806168 0.5224137385
 56.4139685196 2.3081088884 0.5339308709
 56.4139685196 2.4363371599 0.5469176252
 56.4139685196 2.5645654315 0.5598319407
 56.4139685196 2.6927937031 0.5723399761
 56.4139685196 2.8210219747 0.5820522448
 56.4139685196 2.9492502462 0.5889850879
 56.4139685196 3.0774785178 0.5924944842
 56.4139685196 3.2057067894 0.5924944842
 56.4139685196 3.3339350610 0.5889850879
 56.4139685196 3.4621633325 0.5820522448
 56.4139685196 3.5903916041 0.5723399761
 56.4139685196 3.7186198757 0.5598319407
 56.4139685196 3.8468481473 0.5469176252
 56.4139685196 3.9750764188 0.5339308709
 56.4139685196 4.1033046904 0.5224137385
 56.4139685196 4.2315329620 0.5129118517
 56.4139685196 4.3597612336 0.5059883586
 56.4139685196 4.4879895051 0.5018529016
 56.4139685196 4.6162177767 0.4993984409
 56.4139685196 4.7444460483 0.4988691893
 56.4139685196 4.8726743199 0.5001789564
 56.4139685196 5.0009025914 0.5036311046
 56.4139685196 5.1291308630 0.5095930904
 56.4139685196 5.2573591346 0.5174892914
 56.4139685196 5.3855874062 0.5280053190
 56.4139685196 5.5138156777 0.5405260437
 56.4139685196 5.6420439493 0.5538033066
 56.4139685196 5.7702722209 0.5659639566
 56.4139685196 5.8985004925 0.5773565657
 56.4139685196 6.0267287640 0.5857005140
 56.4139685196 6.1549570356 0.5911325675
 56.4139685196 6.2831853072 0.5930073757
 60.4329396788 0.0000000000 0.6067195010
 60.4329396788 0.1282282716 0.6048804760
 60.4329396788 0.2564565432 0.5995352622
 60.4329396788 0.3846848147 0.5913246535
 60.4329396788 0.5129130863 0.5801138903
 60.4329396788 0.6411413579 0.5681336072
 60.4329396788 0.7693696295 0.5550615697
 60.4329396788 0.8975979010 0.5427180983
 60.4329396788 1.0258261726 0.5323634267
 60.4329396788 1.1540544442 0.5246033598
 60.4329396788 1.2822827158 0.5187467052
 60.4329396788 1.4105109873 0.5153547880
 60.4329396788 1.5387392589 0.5140774590
 60.4329396788 1.6669675305 0.5145973425
 60.4329396788 1.7951958021 0.5170113588
 60.4329396788 1.9234240736 0.5210550170
 60.4329396788 2.0516523452 0.5278691016
 60.4329396788 2.1798806168 0.5372168468
 60.4329396788 2.3081088884 0.5485543106
 60.4329396788 2.4363371599 0.5613509992
 60.4329396788 2.5645654315 0.5740713708
 60.4329396788 2.6927937031 0.5863887029
 60.4329396788 2.8210219747 0.5959384430
 60.4329396788 2.9492502462 0.6027630152
 60.4329396788 3.0774785178 0.6062107131
 60.4329396788 3.2057067894 0.6062107131
 60.4329396788 3.3339350610 0.6027630152
 60.4329396788 3.4621633325 0.5959384430
 60.4329396788 3.5903916041 0.5863887029
 60.4329396788 3.7186198757 0.5740713708
 60.4329396788 3.8468481473 0.5613509992
 60.4329396788 3.9750764188 0.5485543106
 60.4329396788 4.1033046904 0.5372168468
 60.4329396788 4.2315329620 0.5278691016
 60.4329396788 4.3597612336 0.5210550170
 60.4329396788 4.4879895051 0.5170113588
 60.4329396788 4.6162177767 0.5145973425
 60.4329396788 4.7444460483 0.5140774590
 60.4329396788 4.8726743199 0.5153547880
 60.4329396788 5.0009025914 0.5187467052
 60.4329396788 5.1291308630 0.5246033598
 60.4329396788 5.2573591346 0.5323634267
 60.4329396788 5.3855874062 0.5427180983
 60.4329396788 5.5138156777 0.5550615697
 60.4329396788 5.6420439493 0.5681336072
 60.4329396788 5.7702722209 0.5801138903
 60.4329396788 5.8985004925 0.5913246535
 60.4329396788 6.0267287640 0.5995352622
 60.4329396788 6.1549570356 0.6048804760
 60.4329396788 6.2831853072 0.6067195010
 65.0036211627 0.0000000000 0.6222974541
 65.0036211627 0.1282282716 0.6204925807
 65.0036211627 0.2564565432 0.6152313697
 65.0036211627 0.3846848147 0.6071530456
 65.0036211627 0.5129130863 0.5961208874
 65.0036211627 0.6411413579 0.5843186532
 65.0036211627 0.7693696295 0.5714481619
 65.0036211627 0.8975979010 0.5592760099
 65.0036211627 1.0258261726 0.5490785093
 65.0036211627 1.1540544442 0.5414526902
 65.0036211627 1.2822827158 0.5357007858
 65.0036211627 1.4105109873 0.5323672835
 65.0036211627 1.5387392589 0.5311249893
 65.0036211627 1.6669675305 0.5316334055
 65.0036211627 1.7951958021 0.5340089326
 65.0036211627 1.9234240736 0.5379596395
 65.0036211627 2.0516523452 0.5446659635
 65.0036211627 2.1798806168 0.5538630604
 65.0036211627 2.3081088884 0.5650239509
 65.0036211627 2.4363371599 0.5776355894
 65.0036211627 2.5645654315 0.5901660439
 65.0036211627 2.6927937031 0.6022965272
 65.0036211627 2.8210219747 0.6116847732
 65.0036211627 2.9492502462 0.6184047265
 65.0036211627 3.0774785178 0.6217911136
 65.0036211627 3.2057067894 0.6217911136
 65.0036211627 3.3339350610 0.6184047265
 65.0036211627 3.4621633325 0.6116847732
 65.0036211627 3.5903916041 0.6022965272
 65.0036211627 3.7186198757 0.5901660439
 65.0036211627 3.8468481473 0.5776355894
 65.0036211627 3.9750764188 0.5650239509
 65.0036211627 4.1033046904 0.5538630604
 65.0036211627 4.2315329620 0.5446659635
 65.0036211627 4.3597612336 0.5379596395
 65.0036211627 4.4879895051 0.5340089326
 65.0036211627 4.6162177767 0.5316334055
 65.0036211627 4.7444460483 0.5311249893
 65.0036211627 4.8726743199 0.5323672835
 65.0036211627 5.0009025914 0.5357007858
 65.0036211627 5.1291308630 0.5414526902
 65.0036211627 5.2573591346 0.5490785093
 65.0036211627 5.3855874062 0.5592760099
 65.0036211627 5.5138156777 0.5714481619
 65.0036211627 5.6420439493 0.5843186532
 65.0036211627 5.7702722209 0.5961208874
 65.0036211627 5.8985004925 0.6071530456
 65.0036211627 6.0267287640 0.6152313697
 65.0036211627 6.1549570356 0.6204925807
 65.0036211627 6.2831853072 0.6222974541
 70.7236129079 0.0000000000 0.6388727884
 70.7236129079 0.1282282716 0.6371128320
 70.7236129079 0.2564565432 0.6319655492
 70.7236129079 0.3846848147 0.6240648083
 70.7236129079 0.5129130863 0.6132694639
 70.7236129079 0.6411413579 0.6017053833
 70.7236129079 0.7693696295 0.5891047808
 70.7236129079 0.8975979010 0.5771682861
 70.7236129079 1.0258261726 0.5671832164
 70.7236129079 1.1540544442 0.5597363603
 70.7236129079 1.2822827158 0.5541202857
 70.7236129079 1.4105109873 0.5508645486
 70.7236129079 1.5387392589 0.5496638241
 70.7236129079 1.6669675305 0.5501593580
 70.7236129079 1.7951958021 0.5524831065
 70.7236129079 1.9234240736 0.5563180814
 70.7236129079 2.0516523452 0.5628805211
 70.7236129079 2.1798806168 0.5718731731
 70.7236129079 2.3081088884 0.5827985614
 70.7236129079 2.4363371599 0.5951588254
 70.7236129079 2.5645654315 0.6074330848
 70.7236129079 2.6927937031 0.6193125839
 70.7236129079 2.8210219747 0.6284888199
 70.7236129079 2.9492502462 0.6350648737
 70.7236129079 3.0774785178 0.6383718157
 70.7236129079 3.2057067894 0.6383718157
 70.7236129079 3.3339350610 0.6350648737
 70.7236129079 3.4621633325 0.6284888199
 70.7236129079 3.5903916041 0.6193125839
 70.7236129079 3.7186198757 0.6074330848
 70.7236129079 3.8468481473 0.5951588254
 70.7236129079 3.9750764188 0.5827985614
 70.7236129079 4.1033046904 0.5718731731
 70.7236129079 4.2315329620 0.5628805211
 70.7236129079 4.3597612336 0.5563180814
 70.7236129079 4.4879895051 0.5524831065
 70.7236129079 4.6162177767 0.5501593580
 70.7236129079 4.7444460483 0.5496638241
 70.7236129079 4.8726743199 0.5508645486
 70.7236129079 5.0009025914 0.5541202857
 70.7236129079 5.1291308630 0.5597363603
 70.7236129079 5.2573591346 0.5671832164
 70.7236129079 5.3855874062 0.5771682861
 70.7236129079 5.5138156777 0.5891047808
 70.7236129079 5.6420439493 0.6017053833
 70.7236129079 5.7702722209 0.6132694639
 70.7236129079 5.8985004925 0.6240648083
 70.7236129079 6.0267287640 0.6319655492
 70.7236129079 6.1549570356 0.6371128320
 70.7236129079 6.2831853072 0.6388727884
 77.0569634778 0.0000000000 0.6564671191
 77.0569634778 0.1282282716 0.6547498583
 77.0569634778 0.2564565432 0.6497125490
 77.0569634778 0.3846848147 0.6419876630
 77.0569634778 0.5129130863 0.6314255147
 77.0569634778 0.6411413579 0.6200959997
 77.0569634778 0.7693696295 0.6077600532
 77.0569634778 0.8975979010 0.5960579975
 77.0569634778 1.0258261726 0.5862772551
 77.0569634778 1.1540544442 0.5790034481
 77.0569634778 1.2822827158 0.5735177803
 77.0569634778 1.4105109873 0.5703369628
 77.0569634778 1.5387392589 0.5691755661
 77.0569634778 1.6669675305 0.5696578694
 77.0569634778 1.7951958021 0.5719324365
 77.0569634778 1.9234240736 0.5756575321
 77.0569634778 2.0516523452 0.5820804294
 77.0569634778 2.1798806168 0.5908755925
 77.0569634778 2.3081088884 0.6015705344
 77.0569634778 2.4363371599 0.6136828694
 77.0569634778 2.5645654315 0.6257061540
 77.0569634778 2.6927937031 0.6373376770
 77.0569634778 2.8210219747 0.6463057571
 77.0569634778 2.9492502462 0.6527419210
 77.0569634778 3.0774785178 0.6559719956
 77.0569634778 3.2057067894 0.6559719956
 77.0569634778 3.3339350610 0.6527419210
 77.0569634778 3.4621633325 0.6463057571
 77.0569634778 3.5903916041 0.6373376770
 77.0569634778 3.7186198757 0.6257061540
 77.0569634778 3.8468481473 0.6136828694
 77.0569634778 3.9750764188 0.6015705344
 77.0569634778 4.1033046904 0.5908755925
 77.0569634778 4.2315329620 0.5820804294
 77.0569634778 4.3597612336 0.5756575321
 77.0569634778 4.4879895051 0.5719324365
 77.0569634778 4.6162177767 0.5696578694
 77.0569634778 4.7444460483 0.5691755661
 77.0569634778 4.8726743199 0.5703369628
 77.0569634778 5.0009025914 0.5735177803
 77.0569634778 5.1291308630 0.5790034481
 77.0569634778 5.2573591346 0.5862772551
 77.0569634778 5.3855874062 0.5960579975
 77.0569634778 5.5138156777 0.6077600532
 77.0569634778 5.6420439493 0.6200959997
 77.0569634778 5.7702722209 0.6314255147
 77.0569634778 5.8985004925 0.6419876630
 77.0569634778 6.0267287640 0.6497125490
 77.0569634778 6.1549570356 0.6547498583
 77.0569634778 6.2831853072 0.6564671191
 83.7453094019 0.0000000000 0.6712459480
 83.7453094019 0.1282282716 0.6695816931
 83.7453094019 0.2564565432 0.6646847838
 83.7453094019 0.3846848147 0.6571732984
 83.7453094019 0.5129130863 0.6469038389
 83.7453094019 0.6411413579 0.6358757333
 83.7453094019 0.7693696295 0.6238735740
 83.7453094019 0.8975979010 0.6124737238
 83.7453094019 1.0258261726 0.6029579490
 83.7453094019 1.1540544442 0.5958939667
 83.7453094019 1.2822827158 0.5905685632
 83.7453094019 1.4105109873 0.5874787119
 83.7453094019 1.5387392589 0.5863603824
 83.7453094019 1.6669675305 0.5868276732
 83.7453094019 1.7951958021 0.5890390993
 83.7453094019 1.9234240736 0.5926386333
 83.7453094019 2.0516523452 0.5988859541
 83.7453094019 2.1798806168 0.6074362132
 83.7453094019 2.3081088884 0.6178406459
 83.7453094019 2.4363371599 0.6296338636
 83.7453094019 2.5645654315 0.6413362149
 83.7453094019 2.6927937031 0.6526538600
 83.7453094019 2.8210219747 0.6613658779
 83.7453094019 2.9492502462 0.6676255584
 83.7453094019 3.0774785178 0.6707607836
 83.7453094019 3.2057067894 0.6707607836
 83.7453094019 3.3339350610 0.6676255584
 83.7453094019 3.4621633325 0.6613658779
 83.7453094019 3.5903916041 0.6526538600
 83.7453094019 3.7186198757 0.6413362149
 83.7453094019 3.8468481473 0.6296338636
 83.7453094019 3.9750764188 0.6178406459
 83.7453094019 4.1033046904 0.6074362132
 83.7453094019 4.2315329620 0.5988859541
 83.7453094019 4.3597612336 0.5926386333
 83.7453094019 4.4879895051 0.5890390993
 83.7453094019 4.6162177767 0.5868276732
 83.7453094019 4.7444460483 0.5863603824
 83.7453094019 4.8726743199 0.5874787119
 83.7453094019 5.0009025914 0.5905685632
 83.7453094019 5.1291308630 0.5958939667
 83.7453094019 5.2573591346 0.6029579490
 83.7453094019 5.3855874062 0.6124737238
 83.7453094019 5.5138156777 0.6238735740
 83.7453094019 5.6420439493 0.6358757333
 83.7453094019 5.7702722209 0.6469038389
 83.7453094019 5.8985004925 0.6571732984
 83.7453094019 6.0267287640 0.6646847838
 83.7453094019 6.1549570356 0.6695816931
 83.7453094019 6.2831853072 0.6712459480
 90.6810321249 0.0000000000 0.6859585384
 90.6810321249 0.1282282716 0.6843439485
 90.6810321249 0.2564565432 0.6795757678
 90.6810321249 0.3846848147 0.6722648415
 90.6810321249 0.5129130863 0.6622663680
 90.6810321249 0.6411413579 0.6515159533
 90.6810321249 0.7693696295 0.6398241046
 90.6810321249 0.8975979010 0.6287045638
 90.6810321249 1.0258261726 0.6194336491
 90.6810321249 1.1540544442 0.6125653012
 90.6810321249 1.2822827158 0.6073879967
 90.6810321249 1.4105109873 0.6043833876
 90.6810321249 1.5387392589 0.6033060992
 90.6810321249 1.6669675305 0.6037592593
 90.6810321249 1.7951958021 0.6059113878
 90.6810321249 1.9234240736 0.6093942073
 90.6810321249 2.0516523452 0.6154785058
 90.6810321249 2.1798806168 0.6238001847
 90.6810321249 2.3081088884 0.6339367942
 90.6810321249 2.4363371599 0.6454342590
 90.6810321249 2.5645654315 0.6568387049
 90.6810321249 2.6927937031 0.6678656215
 90.6810321249 2.8210219747 0.6763399741
 90.6810321249 2.9492502462 0.6824357437
 90.6810321249 3.0774785178 0.6854829460
 90.6810321249 3.2057067894 0.6854829460
 90.6810321249 3.3339350610 0.6824357437
 90.6810321249 3.4621633325 0.6763399741
 90.6810321249 3.5903916041 0.6678656215
 90.6810321249 3.7186198757 0.6568387049
 90.6810321249 3.8468481473 0.6454342590
 90.6810321249 3.9750764188 0.6339367942
 90.6810321249 4.1033046904 0.6238001847
 90.6810321249 4.2315329620 0.6154785058
 90.6810321249 4.3597612336 0.6093942073
 90.6810321249 4.4879895051 0.6059113878
 90.6810321249 4.6162177767 0.6037592593
 90.6810321249 4.7444460483 0.6033060992
 90.6810321249 4.8726743199 0.6043833876
 90.6810321249 5.0009025914 0.6073879967
 90.6810321249 5.1291308630 0.6125653012
 90.6810321249 5.2573591346 0.6194336491
 90.6810321249 5.3855874062 0.6287045638
 90.6810321249 5.5138156777 0.6398241046
 90.6810321249 5.6420439493 0.6515159533
 90.6810321249 5.7702722209 0.6622663680
 90.6810321249 5.8985004925 0.6722648415
 90.6810321249 6.0267287640 0.6795757678
 90.6810321249 6.1549570356 0.6843439485
 90.6810321249 6.2831853072 0.6859585384
 97.8975246361 0.0000000000 0.7004810461
 97.8975246361 0.1282282716 0.6989104897
 97.8975246361 0.2564565432 0.6942600066
 97.8975246361 0.3846848147 0.6871334584
 97.8975246361 0.5129130863 0.6773828530
 97.8975246361 0.6411413579 0.6668863153
 97.8975246361 0.7693696295 0.6554771421
 97.8975246361 0.8975979010 0.6446138592
 97.8975246361 1.0258261726 0.6355647754
 97.8975246361 1.1540544442 0.6288748590
 97.8975246361 1.2822827158 0.6238325648
 97.8975246361 1.4105109873 0.6209054299
 97.8975246361 1.5387392589 0.6198653785
 97.8975246361 1.6669675305 0.6203057168
 97.8975246361 1.7951958021 0.6224047060
 97.8975246361 1.9234240736 0.6257809761
 97.8975246361 2.0516523452 0.6317167290
 97.8975246361 2.1798806168 0.6398306515
 97.8975246361 2.3081088884 0.6497209950
 97.8975246361 2.4363371599 0.6609494184
 97.8975246361 2.5645654315 0.6720824505
 97.8975246361 2.6927937031 0.6828432573
 97.8975246361 2.8210219747 0.6911003508
 97.8975246361 2.9492502462 0.6970455384
 97.8975246361 3.0774785178 0.7000134036
 97.8975246361 3.2057067894 0.7000134036
 97.8975246361 3.3339350610 0.6970455384
 97.8975246361 3.4621633325 0.6911003508
 97.8975246361 3.5903916041 0.6828432573
 97.8975246361 3.7186198757 0.6720824505
 97.8975246361 3.8468481473 0.6609494184
 97.8975246361 3.9750764188 0.6497209950
 97.8975246361 4.1033046904 0.6398306515
 97.8975246361 4.2315329620 0.6317167290
 97.8975246361 4.3597612336 0.6257809761
 97.8975246361 4.4879895051 0.6224047060
 97.8975246361 4.6162177767 0.6203057168
 97.8975246361 4.7444460483 0.6198653785
 97.8975246361 4.8726743199 0.6209054299
 97.8975246361 5.0009025914 0.6238325648
 97.8975246361 5.1291308630 0.6288748590
 97.8975246361 5.2573591346 0.6355647754
 97.8975246361 5.3855874062 0.6446138592
 97.8975246361 5.5138156777 0.6554771421
 97.8975246361 5.6420439493 0.6668863153
 97.8975246361 5.7702722209 0.6773828530
 97.8975246361 5.8985004925 0.6871334584
 97.8975246361 6.0267287640 0.6942600066
 97.8975246361 6.1549570356 0.6989104897
 97.8975246361 6.2831853072 0.7004810461
105.4344733230 0.0000000000 0.7123925285
105.4344733230 0.1282282716 0.7108702576
105.4344733230 0.2564565432 0.7063499386
105.4344733230 0.3846848147 0.6994220163
105.4344733230 0.5129130863 0.6899450762
105.4344733230 0.6411413579 0.6797328829
105.4344733230 0.7693696295 0.6686367040
105.4344733230 0.8975979010 0.6580617985
105.4344733230 1.0258261726 0.6492595015
105.4344733230 1.1540544442 0.6427606269
105.4344733230 1.2822827158 0.6378635745
105.4344733230 1.4105109873 0.6350191168
105.4344733230 1.5387392589 0.6340147525
105.4344733230 1.6669675305 0.6344415326
105.4344733230 1.7951958021 0.6364829256
105.4344733230 1.9234240736 0.6397506981
105.4344733230 2.0516523452 0.6455244510
105.4344733230 2.1798806168 0.6534120284
105.4344733230 2.3081088884 0.6630318566
105.4344733230 2.4363371599 0.6739576086
105.4344733230 2.5645654315 0.6847885925
105.4344733230 2.6927937031 0.6952533975
105.4344733230 2.8210219747 0.7032741179
105.4344733230 2.9492502462 0.7090553302
105.4344733230 3.0774785178 0.7119358654
105.4344733230 3.2057067894 0.7119358654
105.4344733230 3.3339350610 0.7090553302
105.4344733230 3.4621633325 0.7032741179
105.4344733230 3.5903916041 0.6952533975
105.4344733230 3.7186198757 0.6847885925
105.4344733230 3.8468481473 0.6739576086
105.4344733230 3.9750764188 0.6630318566
105.4344733230 4.1033046904 0.6534120284
105.4344733230 4.2315329620 0.6455244510
105.4344733230 4.3597612336 0.6397506981
105.4344733230 4.4879895051 0.6364829256
105.4344733230 4.6162177767 0.6344415326
105.4344733230 4.7444460483 0.6340147525
105.4344733230 4.8726743199 0.6350191168
105.4344733230 5.0009025914 0.6378635745
105.4344733230 5.1291308630 0.6427606269
105.4344733230 5.2573591346 0.6492595015
105.4344733230 5.3855874062 0.6580617985
105.4344733230 5.5138156777 0.6686367040
105.4344733230 5.6420439493 0.6797328829
105.4344733230 5.7702722209 0.6899450762
105.4344733230 5.8985004925 0.6994220163
105.4344733230 6.0267287640 0.7063499386
105.4344733230 6.1549570356 0.7108702576
105.4344733230 6.2831853072 0.7123925285
113.3394138844 0.0000000000 0.7243472804
113.3394138844 0.1282282716 0.7228700630
113.3394138844 0.2564565432 0.7184731042
113.3394138844 0.3846848147 0.7117375301
113.3394138844 0.5129130863 0.7025214080
113.3394138844 0.6411413579 0.6925805502
113.3394138844 0.7693696295 0.6817820713
113.3394138844 0.8975979010 0.6714840142
113.3394138844 1.0258261726 0.6629168154
113.3394138844 1.1540544442 0.6566020624
113.3394138844 1.2822827158 0.6518435228
113.3394138844 1.4105109873 0.6490776746
113.3394138844 1.5387392589 0.6481096067
113.3394138844 1.6669675305 0.6485223807
113.3394138844 1.7951958021 0.6505083304
113.3394138844 1.9234240736 0.6536726474
113.3394138844 2.0516523452 0.6592912184
113.3394138844 2.1798806168 0.6669611494
113.3394138844 2.3081088884 0.6763219562
113.3394138844 2.4363371599 0.6869595392
113.3394138844 2.5645654315 0.6975012763
113.3394138844 2.6927937031 0.7076842759
113.3394138844 2.8210219747 0.7154786775
113.3394138844 2.9492502462 0.7211017506
113.3394138844 3.0774785178 0.7239006566
113.3394138844 3.2057067894 0.7239006566
113.3394138844 3.3339350610 0.7211017506
113.3394138844 3.4621633325 0.7154786775
113.3394138844 3.5903916041 0.7076842759
113.3394138844 3.7186198757 0.6975012763
113.3394138844 3.8468481473 0.6869595392
113.3394138844 3.9750764188 0.6763219562
113.3394138844 4.1033046904 0.6669611494
113.3394138844 4.2315329620 0.6592912184
113.3394138844 4.3597612336 0.6536726474
113.3394138844 4.4879895051 0.6505083304
113.3394138844 4.6162177767 0.6485223807
113.3394138844 4.7444460483 0.6481096067
113.3394138844 4.8726743199 0.6490776746
113.3394138844 5.0009025914 0.6518435228
113.3394138844 5.1291308630 0.6566020624
113.3394138844 5.2573591346 0.6629168154
113.3394138844 5.3855874062 0.6714840142
113.3394138844 5.5138156777 0.6817820713
113.3394138844 5.6420439493 0.6925805502
113.3394138844 5.7702722209 0.7025214080
113.3394138844 5.8985004925 0.7117375301
113.3394138844 6.0267287640 0.7184731042
113.3394138844 6.1549570356 0.7228700630
113.3394138844 6.2831853072 0.7243472804
121.6697728549 0.0000000000 0.7360455749
121.6697728549 0.1282282716 0.7346117596
121.6697728549 0.2564565432 0.7303348624
121.6697728549 0.3846848147 0.7237827970
121.6697728549 0.5129130863 0.7148174240
121.6697728549 0.6411413579 0.7051377163
121.6697728549 0.7693696295 0.6946285510
121.6697728549 0.8975979010 0.6845948765
121.6697728549 1.0258261726 0.6762549563
121.6697728549 1.1540544442 0.6701159432
121.6697728549 1.2822827158 0.6654910219
121.6697728549 1.4105109873 0.6628016370
121.6697728549 1.5387392589 0.6618665154
121.6697728549 1.6669675305 0.6622669673
121.6697728549 1.7951958021 0.6642000530
121.6697728549 1.9234240736 0.6672643296
121.6697728549 2.0516523452 0.6727332093
121.6697728549 2.1798806168 0.6801944899
121.6697728549 2.3081088884 0.6893068972
121.6697728549 2.4363371599 0.6996658657
121.6697728549 2.5645654315 0.7099293920
121.6697728549 2.6927937031 0.7198403957
121.6697728549 2.8210219747 0.7274179950
121.6697728549 2.9492502462 0.7328899640
121.6697728549 3.0774785178 0.7356080019
121.6697728549 3.2057067894 0.7356080019
121.6697728549 3.3339350610 0.7328899640
121.6697728549 3.4621633325 0.7274179950
121.6697728549 3.5903916041 0.7198403957
121.6697728549 3.7186198757 0.7099293920
121.6697728549 3.8468481473 0.6996658657
121.6697728549 3.9750764188 0.6893068972
121.6697728549 4.1033046904 0.6801944899
121.6697728549 4.2315329620 0.6727332093
121.6697728549 4.3597612336 0.6672643296
121.6697728549 4.4879895051 0.6642000530
121.6697728549 4.6162177767 0.6622669673
121.6697728549 4.7444460483 0.6618665154
121.6697728549 4.8726743199 0.6628016370
121.6697728549 5.0009025914 0.6654910219
121.6697728549 5.1291308630 0.6701159432
121.6697728549 5.2573591346 0.6762549563
121.6697728549 5.3855874062 0.6845948765
121.6697728549 5.5138156777 0.6946285510
121.6697728549 5.6420439493 0.7051377163
121.6697728549 5.7702722209 0.7148174240
121.6697728549 5.8985004925 0.7237827970
121.6697728549 6.0267287640 0.7303348624
121.6697728549 6.1549570356 0.7346117596
121.6697728549 6.2831853072 0.7360455749
130.4955812688 0.0000000000 0.7468996944
130.4955812688 0.1282282716 0.7455122920
130.4955812688 0.2564565432 0.7413649960
130.4955812688 0.3846848147 0.7350118707
130.4955812688 0.5129130863 0.7263196207
130.4955812688 0.6411413579 0.7169274655
130.4955812688 0.7693696295 0.7067312719
130.4955812688 0.8975979010 0.6969914808
130.4955812688 1.0258261726 0.6889016772
130.4955812688 1.1540544442 0.6829555908
130.4955812688 1.2822827158 0.6784769517
130.4955812688 1.4105109873 0.6758713385
130.4955812688 1.5387392589 0.6749722237
130.4955812688 1.6669675305 0.6753587743
130.4955812688 1.7951958021 0.6772322132
130.4955812688 1.9234240736 0.6801889356
130.4955812688 2.0516523452 0.6854925062
130.4955812688 2.1798806168 0.6927257022
130.4955812688 2.3081088884 0.7015639634
130.4955812688 2.4363371599 0.7116177204
130.4955812688 2.5645654315 0.7215762559
130.4955812688 2.6927937031 0.7311911919
130.4955812688 2.8210219747 0.7385333066
130.4955812688 2.9492502462 0.7438402348
130.4955812688 3.0774785178 0.7464731027
130.4955812688 3.2057067894 0.7464731027
130.4955812688 3.3339350610 0.7438402348
130.4955812688 3.4621633325 0.7385333066
130.4955812688 3.5903916041 0.7311911919
130.4955812688 3.7186198757 0.7215762559
130.4955812688 3.8468481473 0.7116177204
130.4955812688 3.9750764188 0.7015639634
130.4955812688 4.1033046904 0.6927257022
130.4955812688 4.2315329620 0.6854925062
130.4955812688 4.3597612336 0.6801889356
130.4955812688 4.4879895051 0.6772322132
130.4955812688 4.6162177767 0.6753587743
130.4955812688 4.7444460483 0.6749722237
130.4955812688 4.8726743199 0.6758713385
130.4955812688 5.0009025914 0.6784769517
130.4955812688 5.1291308630 0.6829555908
130.4955812688 5.2573591346 0.6889016772
130.4955812688 5.3855874062 0.6969914808
130.4955812688 5.5138156777 0.7067312719
130.4955812688 5.6420439493 0.7169274655
130.4955812688 5.7702722209 0.7263196207
130.4955812688 5.8985004925 0.7350118707
130.4955812688 6.0267287640 0.7413649960
130.4955812688 6.1549570356 0.7455122920
130.4955812688 6.2831853072 0.7468996944
139.9031336236 0.0000000000 0.7579893322
139.9031336236 0.1282282716 0.7566472890
139.9031336236 0.2564565432 0.7526249775
139.9031336236 0.3846848147 0.7464645709
139.9031336236 0.5129130863 0.7380346756
139.9031336236 0.6411413579 0.7289183477
139.9031336236 0.7693696295 0.7190245927
139.9031336236 0.8975979010 0.7095671089
139.9031336236 1.0258261726 0.7017186012
139.9031336236 1.1540544442 0.6959589597
139.9031336236 1.2822827158 0.6916207804
139.9031336236 1.4105109873 0.6890966830
139.9031336236 1.5387392589 0.6882324860
139.9031336236 1.6669675305 0.6886061408
139.9031336236 1.7951958021 0.6904215702
139.9031336236 1.9234240736 0.6932746916
139.9031336236 2.0516523452 0.6984180883
139.9031336236 2.1798806168 0.7054312491
139.9031336236 2.3081088884 0.7140060266
139.9031336236 2.4363371599 0.7237656814
139.9031336236 2.5645654315 0.7334305577
139.9031336236 2.6927937031 0.7427602646
139.9031336236 2.8210219747 0.7498760973
139.9031336236 2.9492502462 0.7550231363
139.9031336236 3.0774785178 0.7575734949
139.9031336236 3.2057067894 0.7575734949
139.9031336236 3.3339350610 0.7550231363
139.9031336236 3.4621633325 0.7498760973
139.9031336236 3.5903916041 0.7427602646
139.9031336236 3.7186198757 0.7334305577
139.9031336236 3.8468481473 0.7237656814
139.9031336236 3.9750764188 0.7140060266
139.9031336236 4.1033046904 0.7054312491
139.9031336236 4.2315329620 0.6984180883
139.9031336236 4.3597612336 0.6932746916
139.9031336236 4.4879895051 0.6904215702
139.9031336236 4.6162177767 0.6886061408
139.9031336236 4.7444460483 0.6882324860
139.9031336236 4.8726743199 0.6890966830
139.9031336236 5.0009025914 0.6916207804
139.9031336236 5.1291308630 0.6959589597
139.9031336236 5.2573591346 0.7017186012
139.9031336236 5.3855874062 0.7095671089
139.9031336236 5.5138156777 0.7190245927
139.9031336236 5.6420439493 0.7289183477
139.9031336236 5.7702722209 0.7380346756
139.9031336236 5.8985004925 0.7464645709
139.9031336236 6.0267287640 0.7526249775
139.9031336236 6.1549570356 0.7566472890
139.9031336236 6.2831853072 0.7579893322
150.0000000000 0.0000000000 0.7682075559
150.0000000000 0.1282282716 0.7669083819
150.0000000000 0.2564565432 0.7630049805
150.0000000000 0.3846848147 0.7570276579
150.0000000000 0.5129130863 0.7488486402
150.0000000000 0.6411413579 0.7399965540
150.0000000000 0.7693696295 0.7303911419
150.0000000000 0.8975979010 0.7212035249
150.0000000000 1.0258261726 0.7135834497
150.0000000000 1.1540544442 0.7079990643
150.0000000000 1.2822827158 0.7037937312
150.0000000000 1.4105109873 0.7013458812
150.0000000000 1.5387392589 0.7005133726
150.0000000000 1.6669675305 0.7008745796
150.0000000000 1.7951958021 0.7026361322
150.0000000000 1.9234240736 0.7053927405
150.0000000000 2.0516523452 0.7103854422
150.0000000000 2.1798806168 0.7171902848
150.0000000000 2.3081088884 0.7255139937
150.0000000000 2.4363371599 0.7349929530
150.0000000000 2.5645654315 0.7443777035
150.0000000000 2.6927937031 0.7534346427
150.0000000000 2.8210219747 0.7603346915
150.0000000000 2.9492502462 0.7653302929
150.0000000000 3.0774785178 0.7678021520
150.0000000000 3.2057067894 0.7678021520
150.0000000000 3.3339350610 0.7653302929
150.0000000000 3.4621633325 0.7603346915
150.0000000000 3.5903916041 0.7534346427
150.0000000000 3.7186198757 0.7443777035
150.0000000000 3.8468481473 0.7349929530
150.0000000000 3.9750764188 0.7255139937
150.0000000000 4.1033046904 0.7171902848
150.0000000000 4.2315329620 0.7103854422
150.0000000000 4.3597612336 0.7053927405
150.0000000000 4.4879895051 0.7026361322
150.0000000000 4.6162177767 0.7008745796
150.0000000000 4.7444460483 0.7005133726
150.0000000000 4.8726743199 0.7013458812
150.0000000000 5.0009025914 0.7037937312
150.0000000000 5.1291308630 0.7079990643
150.0000000000 5.2573591346 0.7135834497
150.0000000000 5.3855874062 0.7212035249
150.0000000000 5.5138156777 0.7303911419
150.0000000000 5.6420439493 0.7399965540
150.0000000000 5.7702722209 0.7488486402
150.0000000000 5.8985004925 0.7570276579
150.0000000000 6.0267287640 0.7630049805
150.0000000000 6.1549570356 0.7669083819
150.0000000000 6.2831853072 0.7682075559
